 13.000000
 14.000000
 14.400000
 15.000000
 15.600000
 16.500000
 17.400000
 18.300000
 19.200000
 20.200000
 21.400000
 22.500000
 23.600000
 25.000000
 26.400000
 27.600000
 29.000000
 30.500000
 32.000000
 33.500000
 35.200000
 37.000000
 38.800000
 40.500000
 42.200000
 44.100000
 46.200000
 48.100000
 50.200000
 52.100000
 54.400000
 56.500000
 58.600000
 61.000000
 63.400000
 65.700000
 68.200000
 70.800000
 73.400000
 76.000000
 78.600000
 81.500000
 84.400000
 87.500000
 90.400000
 93.500000
 97.000000
100.500000
104.000000
107.500000
110.600000
113.500000
116.600000
119.500000
122.400000
125.000000
127.600000
130.200000
132.800000
135.300000
137.600000
140.000000
142.400000
144.500000
146.600000
148.900000
150.800000
152.900000
154.800000
156.900000
158.800000
160.500000
162.200000
164.000000
165.800000
167.500000
169.000000
170.500000
172.000000
173.400000
174.600000
176.000000
177.400000
178.500000
179.600000
180.800000
181.800000
182.700000
183.600000
184.500000
185.400000
186.000000
186.600000
187.000000
187.600000
188.000000
188.000000
188.000000
188.000000
188.000000
187.600000
187.000000
186.600000
186.000000
185.400000
184.500000
183.600000
182.700000
181.800000
180.800000
179.600000
178.500000
177.400000
176.000000
174.600000
173.400000
172.000000
170.500000
169.000000
167.500000
165.800000
164.000000
162.200000
160.500000
158.800000
156.900000
154.800000
152.900000
150.800000
148.900000
146.600000
144.500000
142.400000
140.000000
137.600000
135.300000
132.800000
130.200000
127.600000
125.000000
122.400000
119.500000
116.600000
113.500000
110.600000
107.500000
104.000000
100.500000
 97.000000
 93.500000
 90.400000
 87.500000
 84.400000
 81.500000
 78.600000
 76.000000
 73.400000
 70.800000
 68.200000
 65.700000
 63.400000
 61.000000
 58.600000
 56.500000
 54.400000
 52.100000
 50.200000
 48.100000
 46.200000
 44.100000
 42.200000
 40.500000
 38.800000
 37.000000
 35.200000
 33.500000
 32.000000
 30.500000
 29.000000
 27.600000
 26.400000
 25.000000
 23.600000
 22.500000
 21.400000
 20.200000
 19.200000
 18.300000
 17.400000
 16.500000
 15.600000
 15.000000
 14.400000
 14.000000
 13.400000
 13.000000
 13.000000
 13.000000
 13.000000
 13.000000
 13.000000
 90.000000
 87.500000
 84.400000
 81.500000
 78.600000
 76.000000
 73.400000
 70.800000
 68.200000
 65.700000
 63.400000
 61.000000
 58.600000
 56.500000
 54.400000
 52.100000
 50.000000
 48.000000
 46.000000
 44.000000
 42.200000
 40.500000
 38.800000
 37.000000
 35.200000
 33.600000
 32.200000
 30.600000
 29.200000
 27.600000
 26.400000
 25.000000
 23.600000
 22.500000
 21.400000
 20.200000
 19.200000
 18.300000
 17.400000
 16.500000
 15.600000
 15.000000
 14.400000
 14.000000
 13.400000
 13.000000
 13.000000
 13.000000
 13.000000
 13.000000
 13.400000
 14.000000
 14.400000
 15.000000
 15.600000
 16.500000
 17.400000
 18.300000
 19.200000
 20.200000
 21.400000
 22.500000
 23.600000
 25.000000
 26.400000
 27.600000
 29.200000
 30.600000
 32.200000
 33.600000
 35.200000
 37.000000
 38.800000
 40.500000
 42.200000
 44.000000
 46.000000
 48.000000
 50.000000
 52.100000
 54.400000
 56.500000
 58.600000
 61.000000
 63.400000
 65.700000
 68.200000
 70.800000
 73.400000
 76.000000
 78.600000
 81.500000
 84.400000
 87.500000
 90.400000
 93.500000
 97.000000
100.500000
104.000000
107.500000
110.600000
113.500000
116.600000
119.500000
122.400000
125.000000
127.600000
130.200000
132.800000
135.300000
137.600000
140.000000
142.400000
144.500000
146.600000
148.900000
151.000000
153.000000
155.000000
157.000000
158.800000
160.500000
162.200000
164.000000
165.800000
167.400000
168.800000
170.400000
171.800000
173.400000
174.600000
176.000000
177.400000
178.500000
179.600000
180.800000
181.800000
182.700000
183.600000
184.500000
185.400000
186.000000
186.600000
187.000000
187.600000
188.000000
188.000000
188.000000
188.000000
188.000000
187.600000
187.000000
186.600000
186.000000
185.400000
184.500000
183.600000
182.700000
181.800000
180.800000
179.600000
178.500000
177.400000
176.000000
174.600000
173.400000
171.800000
170.400000
168.800000
167.400000
165.800000
164.000000
162.200000
160.500000
158.800000
157.000000
155.000000
153.000000
151.000000
148.900000
146.600000
144.500000
142.400000
140.000000
137.600000
135.300000
132.800000
130.200000
127.600000
125.000000
122.400000
119.500000
116.600000
113.500000
110.600000
107.500000
104.000000
100.500000
 97.000000
 93.500000
 90.000000
