  6.000000
  7.342000
  8.284000
  9.026000
  9.768000
 10.710000
 11.652000
 12.594000
 13.536000
 14.478000
 15.420000
 16.362000
 17.304000
 18.246000
 18.988000
 19.730000
 20.672000
 21.614000
 22.556000
 23.498000
 24.440000
 25.382000
 26.324000
 27.266000
 28.208000
 29.100000
 29.892000
 30.634000
 31.576000
 32.518000
 33.460000
 34.402000
 35.344000
 36.286000
 37.228000
 38.140000
 39.024000
 39.854000
 40.596000
 42.014000
 45.400000
 49.110000
 52.820000
 56.530000
 60.240000
 63.950000
 67.660000
 71.370000
 75.080000
 78.790000
 82.500000
 86.210000
 89.920000
 93.630000
 97.340000
101.050000
104.760000
108.470000
112.180000
115.890000
119.600000
123.310000
127.020000
130.730000
134.440000
138.150000
141.860000
145.570000
149.280000
152.990000
156.160000
158.646000
159.848000
160.766000
161.708000
162.650000
163.592000
164.534000
165.476000
166.418000
167.360000
168.102000
168.888000
169.786000
170.728000
171.670000
172.612000
173.554000
174.496000
175.438000
176.380000
177.322000
178.264000
179.206000
180.096000
180.980000
181.864000
182.774000
183.716000
184.658000
185.400000
186.342000
187.284000
188.226000
189.136000
190.020000
190.904000
191.794000
192.736000
193.678000
194.620000
195.200000
193.888000
191.662000
189.636000
187.410000
185.184000
183.158000
180.932000
178.906000
176.680000
174.454000
172.428000
170.202000
168.176000
165.950000
163.724000
161.698000
159.472000
157.446000
155.220000
152.994000
150.912000
148.742000
146.716000
144.490000
142.464000
140.238000
138.012000
135.924000
133.760000
131.734000
129.508000
127.282000
125.104000
123.030000
120.936000
118.778000
116.552000
114.326000
112.300000
110.116000
108.048000
105.822000
103.596000
101.570000
 99.144000
 96.918000
 94.692000
 92.666000
 90.440000
 88.414000
 86.188000
 83.962000
 81.936000
 79.710000
 77.684000
 75.458000
 73.232000
 71.206000
 68.980000
 66.754000
 64.728000
 62.502000
 60.476000
 58.250000
 56.024000
 53.932000
 51.772000
 49.746000
 47.520000
 45.294000
 43.112000
 41.042000
 38.816000
 36.590000
 34.564000
 32.338000
 30.312000
 28.086000
 25.860000
 23.834000
 21.608000
 19.582000
 17.356000
 15.130000
 13.104000
 10.878000
  8.652000
  6.684000
  6.000000
121.000000
118.632000
115.864000
112.896000
109.928000
107.160000
104.392000
101.624000
 98.856000
 96.088000
 93.320000
 90.552000
 87.784000
 85.016000
 82.048000
 79.080000
 76.312000
 73.544000
 70.776000
 68.008000
 65.240000
 62.472000
 59.704000
 56.936000
 54.168000
 51.350000
 48.432000
 45.464000
 42.696000
 39.928000
 37.160000
 34.392000
 31.624000
 28.856000
 26.088000
 23.290000
 20.464000
 17.584000
 14.616000
 12.324000
 12.000000
 12.000000
 12.000000
 12.000000
 12.000000
 12.000000
 12.000000
 12.000000
 12.000000
 12.000000
 12.000000
 12.000000
 12.000000
 12.000000
 12.000000
 12.000000
 12.000000
 12.000000
 12.000000
 12.000000
 12.000000
 12.000000
 12.000000
 12.000000
 12.000000
 12.000000
 12.000000
 12.000000
 12.000000
 12.000000
 11.460000
 11.764000
 14.272000
 17.064000
 19.832000
 22.600000
 25.368000
 28.136000
 30.904000
 33.672000
 36.440000
 39.408000
 42.332000
 45.144000
 47.912000
 50.680000
 53.448000
 56.216000
 58.984000
 61.752000
 64.520000
 67.288000
 70.056000
 72.824000
 75.644000
 78.470000
 81.296000
 84.096000
 86.864000
 89.632000
 92.600000
 95.368000
 98.136000
100.904000
103.704000
106.530000
109.356000
112.176000
114.944000
117.712000
120.480000
122.886000
124.408000
125.892000
127.576000
129.060000
130.544000
132.228000
133.712000
135.396000
136.880000
138.364000
140.048000
141.532000
143.216000
144.700000
146.184000
147.868000
149.352000
151.036000
152.520000
154.004000
155.632000
157.172000
158.856000
160.340000
162.024000
163.508000
164.992000
166.614000
168.160000
169.844000
171.328000
172.812000
174.344000
175.980000
177.596000
179.148000
180.632000
182.116000
183.800000
185.326000
186.968000
188.452000
189.936000
191.600000
191.096000
189.612000
188.128000
186.444000
184.960000
183.276000
181.792000
180.308000
178.624000
177.140000
175.456000
173.972000
172.488000
170.804000
169.320000
167.836000
166.152000
164.668000
162.984000
161.500000
160.016000
158.398000
156.848000
155.164000
153.680000
152.196000
150.668000
149.028000
147.544000
146.060000
144.376000
142.892000
141.208000
139.724000
138.240000
136.556000
135.072000
133.388000
131.904000
130.420000
128.736000
127.252000
125.768000
124.026000
121.000000
