  6.000000
  8.482000
 11.164000
 13.646000
 16.152000
 18.810000
 21.128000
 23.774000
 26.256000
 28.892000
 31.420000
 33.902000
 36.584000
 39.066000
 41.548000
 44.230000
 46.712000
 49.196000
 51.876000
 54.172000
 56.840000
 59.322000
 61.668000
 61.638000
 60.544000
 59.650000
 58.556000
 57.662000
 56.568000
 55.474000
 54.580000
 53.486000
 52.592000
 51.498000
 50.604000
 49.510000
 48.416000
 47.522000
 46.428000
 45.534000
 44.440000
 43.546000
 43.696000
 46.326000
 49.008000
 51.690000
 54.172000
 56.854000
 59.536000
 62.218000
 64.900000
 67.382000
 70.064000
 72.746000
 75.428000
 77.910000
 80.592000
 83.274000
 85.956000
 88.638000
 91.120000
 93.802000
 96.484000
 99.166000
102.448000
105.130000
107.812000
110.494000
113.176000
115.858000
118.540000
121.222000
123.704000
126.386000
129.068000
131.750000
134.432000
137.114000
139.796000
142.478000
145.160000
147.828000
150.324000
153.006000
155.688000
158.180000
158.116000
157.222000
156.056000
155.034000
154.080000
152.892000
151.752000
150.858000
149.764000
148.670000
147.776000
146.682000
145.588000
144.694000
143.600000
142.506000
141.412000
140.518000
139.424000
139.540000
141.692000
144.374000
146.856000
149.338000
151.820000
154.302000
156.984000
159.466000
162.032000
164.430000
167.008000
169.594000
171.984000
174.558000
177.040000
179.722000
182.004000
184.686000
187.168000
189.650000
192.132000
194.000000
190.840000
186.370000
181.900000
177.430000
172.960000
168.490000
164.020000
159.550000
155.080000
150.610000
146.912000
142.670000
138.200000
133.730000
129.260000
125.032000
122.728000
121.570000
120.476000
119.382000
118.176000
116.794000
115.700000
114.606000
113.312000
112.218000
111.048000
109.860000
108.536000
107.442000
106.348000
105.108000
103.760000
102.666000
101.572000
100.478000
 99.584000
 98.490000
 97.396000
 96.302000
 95.208000
 94.028000
 92.640000
 91.526000
 90.432000
 89.338000
 88.244000
 87.100000
 85.912000
 84.562000
 83.468000
 82.374000
 81.280000
 80.172000
 78.984000
 77.798000
 75.416000
 71.050000
 67.464000
 63.110000
 58.640000
 54.170000
 49.700000
 45.230000
 40.760000
 36.632000
 32.820000
 28.350000
 23.880000
 19.410000
 14.940000
 10.470000
  6.000000
124.000000
122.012000
120.224000
118.236000
116.272000
114.460000
112.308000
110.484000
108.496000
106.662000
104.720000
102.732000
100.944000
 98.956000
 96.968000
 95.180000
 93.192000
 91.206000
 89.416000
 87.242000
 85.440000
 83.452000
 81.328000
 77.552000
 74.176000
 70.600000
 67.224000
 63.648000
 60.272000
 56.896000
 53.320000
 49.944000
 46.368000
 42.992000
 39.416000
 36.040000
 32.664000
 29.088000
 25.712000
 22.136000
 18.760000
 15.184000
 14.148000
 15.884000
 17.672000
 19.460000
 21.448000
 23.236000
 25.024000
 26.812000
 28.600000
 30.588000
 32.376000
 34.164000
 35.952000
 37.940000
 39.728000
 41.516000
 43.304000
 45.092000
 47.080000
 48.868000
 50.656000
 52.444000
 52.368000
 50.580000
 48.792000
 47.004000
 45.216000
 43.428000
 41.640000
 39.852000
 37.864000
 36.076000
 34.288000
 32.500000
 30.712000
 28.924000
 27.136000
 25.348000
 23.560000
 21.758000
 19.784000
 17.996000
 16.208000
 14.610000
 16.536000
 20.112000
 23.416000
 26.864000
 30.380000
 33.662000
 36.992000
 40.568000
 43.944000
 47.320000
 50.896000
 54.272000
 57.648000
 61.224000
 64.600000
 67.976000
 71.352000
 74.928000
 78.304000
 81.810000
 84.128000
 85.916000
 87.904000
 89.892000
 91.880000
 93.868000
 95.656000
 97.644000
 99.548000
101.620000
103.512000
105.396000
107.476000
109.372000
111.360000
113.148000
115.336000
117.124000
119.112000
121.100000
123.088000
124.738000
125.000000
125.000000
125.000000
125.000000
125.000000
125.000000
125.000000
125.000000
125.000000
125.000000
125.772000
126.000000
126.000000
126.000000
126.000000
126.242000
128.408000
131.720000
135.096000
138.472000
141.736000
144.824000
148.200000
151.576000
154.752000
158.128000
161.428000
164.710000
167.856000
171.232000
174.608000
177.838000
180.960000
184.336000
187.712000
191.088000
191.336000
187.960000
184.584000
181.208000
177.832000
174.542000
171.460000
168.104000
164.728000
161.352000
157.976000
154.650000
151.368000
148.248000
144.872000
141.496000
138.120000
134.758000
131.476000
128.192000
126.104000
126.000000
125.116000
125.000000
125.000000
125.000000
125.000000
125.000000
125.000000
124.658000
124.000000
124.000000
124.000000
124.000000
124.000000
124.000000
124.000000
