  4.000000
 10.776000
 17.752000
 24.410000
 30.904000
 37.880000
 44.820000
 51.290000
 56.800000
 54.308000
 51.120000
 48.132000
 44.944000
 41.956000
 38.768000
 35.780000
 32.592000
 29.604000
 27.784000
 32.558000
 37.640000
 42.522000
 47.604000
 52.486000
 57.568000
 62.450000
 67.532000
 72.414000
 75.000000
 75.000000
 74.180000
 74.000000
 74.000000
 73.498000
 73.000000
 73.090000
 75.568000
 78.156000
 80.944000
 83.732000
 86.560000
 89.454000
 92.296000
 94.884000
 97.672000
101.290000
104.248000
107.036000
109.824000
112.612000
115.200000
117.988000
120.776000
123.564000
126.352000
127.000000
127.000000
127.000000
126.148000
126.000000
126.000000
126.000000
129.484000
134.366000
139.448000
144.330000
149.412000
154.294000
159.368000
164.258000
169.320000
172.452000
169.464000
166.476000
163.288000
160.300000
157.112000
154.124000
151.136000
147.948000
144.960000
146.656000
153.540000
160.010000
166.984000
173.950000
180.420000
187.312000
194.360000
193.536000
188.160000
182.984000
177.656000
172.374000
167.256000
161.880000
156.504000
151.246000
147.424000
151.518000
155.600000
159.682000
163.964000
168.046000
172.152000
176.410000
180.692000
184.774000
187.648000
181.770000
175.300000
169.064000
162.688000
156.512000
150.136000
143.950000
137.584000
137.396000
139.292000
141.172000
142.960000
144.774000
146.668000
148.562000
150.656000
152.550000
150.668000
146.924000
142.704000
138.948000
135.160000
131.458000
127.184000
123.494000
119.808000
115.930000
112.616000
111.122000
109.628000
108.134000
106.640000
105.146000
103.652000
102.158000
101.000000
 99.570000
 98.076000
 96.582000
 95.088000
 93.594000
 92.100000
 90.606000
 89.112000
 86.454000
 82.572000
 78.290000
 74.608000
 70.884000
 67.096000
 63.362000
 59.120000
 55.398000
 51.716000
 48.400000
 49.832000
 51.710000
 53.604000
 55.498000
 57.392000
 59.286000
 61.160000
 62.948000
 64.768000
 60.690000
 54.220000
 48.000000
 41.624000
 35.448000
 29.272000
 22.870000
 16.520000
 13.642000
 17.724000
 21.804000
 25.992000
 30.170000
 34.252000
 38.334000
 42.416000
 46.698000
 50.920000
 52.092000
 46.856000
 41.574000
 36.256000
 30.880000
 25.504000
 20.246000
 14.964000
  9.682000
  4.000000
 87.000000
 86.306000
 85.812000
 85.000000
 84.024000
 83.530000
 83.000000
 82.000000
 80.344000
 75.462000
 71.180000
 66.698000
 62.416000
 57.934000
 53.652000
 49.170000
 44.888000
 40.406000
 37.892000
 40.372000
 42.760000
 45.348000
 47.736000
 50.324000
 52.712000
 55.300000
 57.688000
 60.276000
 56.840000
 49.370000
 42.720000
 35.430000
 27.960000
 20.992000
 14.020000
  8.200000
 12.352000
 17.234000
 21.916000
 26.598000
 31.240000
 35.816000
 40.444000
 45.326000
 50.008000
 52.140000
 47.628000
 42.946000
 38.264000
 33.582000
 28.700000
 24.018000
 19.336000
 14.654000
  9.972000
 12.850000
 20.320000
 27.790000
 34.408000
 41.730000
 49.200000
 56.670000
 59.344000
 56.756000
 54.368000
 51.780000
 49.392000
 46.804000
 44.408000
 41.828000
 39.420000
 38.074000
 42.304000
 46.786000
 51.068000
 55.550000
 59.832000
 64.314000
 68.796000
 73.078000
 77.560000
 81.414000
 82.000000
 83.000000
 83.496000
 84.000000
 85.000000
 85.578000
 86.000000
 87.366000
 89.460000
 91.754000
 93.896000
 96.084000
 98.436000
100.530000
102.624000
104.836000
107.636000
111.012000
114.400000
117.788000
120.976000
124.364000
127.728000
130.940000
134.128000
137.516000
140.000000
139.000000
138.000000
136.766000
135.672000
134.378000
133.284000
132.000000
131.104000
135.594000
141.168000
146.758000
152.440000
158.096000
163.672000
169.248000
174.624000
180.200000
179.112000
175.386000
172.136000
168.422000
164.740000
160.972000
157.776000
153.996000
150.212000
146.620000
149.536000
155.512000
161.488000
167.464000
173.440000
179.416000
185.392000
191.368000
196.736000
192.280000
186.304000
180.328000
174.352000
168.376000
162.400000
156.424000
150.448000
146.400000
149.952000
153.140000
156.928000
160.674000
164.356000
168.092000
171.320000
175.068000
178.856000
182.122000
177.752000
172.160000
166.584000
161.008000
155.432000
149.856000
144.260000
138.578000
132.928000
132.000000
133.000000
134.250000
135.344000
136.638000
137.932000
139.000000
140.120000
140.572000
137.184000
133.794000
130.512000
127.220000
123.832000
120.444000
117.056000
113.868000
110.620000
106.138000
103.904000
101.716000
 99.564000
 97.470000
 95.376000
 93.164000
 90.976000
 88.788000
 87.000000
