 73.000000
 79.970000
 86.940000
 93.910000
100.880000
107.850000
114.820000
121.790000
128.760000
135.730000
142.700000
149.670000
156.640000
163.610000
170.580000
177.550000
184.520000
191.490000
198.460000
205.430000
212.400000
218.622000
220.668000
222.462000
224.456000
226.250000
228.244000
229.876000
231.864000
233.626000
235.180000
230.158000
227.184000
223.794000
220.212000
216.230000
211.464000
206.088000
200.140000
193.336000
187.200000
180.230000
173.260000
166.290000
159.320000
152.350000
145.380000
138.410000
131.440000
124.470000
117.500000
112.400000
115.464000
118.964000
122.428000
125.940000
129.392000
132.916000
136.356000
139.338000
142.880000
146.302000
149.856000
152.844000
156.248000
159.820000
163.008000
166.196000
169.776000
172.972000
176.160000
179.348000
182.704000
185.686000
188.668000
191.650000
194.488000
197.276000
200.064000
202.852000
205.440000
207.828000
210.216000
212.502000
214.496000
216.290000
217.884000
219.278000
220.072000
221.000000
221.000000
220.000000
218.952000
217.358000
215.328000
212.940000
210.152000
207.164000
204.176000
200.782000
196.800000
193.018000
188.836000
184.454000
179.696000
174.520000
169.144000
163.210000
157.240000
150.270000
143.300000
137.330000
131.688000
126.234000
121.252000
116.670000
112.288000
108.306000
104.524000
101.028000
 97.840000
 94.852000
 92.064000
 89.538000
 87.344000
 85.550000
 83.756000
 82.362000
 81.000000
 80.678000
 86.240000
 88.414000
 90.616000
 93.004000
 95.792000
 98.780000
102.168000
105.934000
109.916000
114.298000
119.240000
124.216000
129.792000
135.968000
142.680000
148.720000
154.572000
159.754000
164.336000
168.518000
172.500000
175.988000
178.976000
181.964000
184.476000
186.470000
188.264000
189.258000
190.000000
190.000000
189.960000
188.966000
187.572000
186.156000
184.368000
182.380000
180.192000
178.004000
175.408000
173.028000
170.240000
167.452000
164.664000
161.876000
158.888000
155.900000
152.712000
149.524000
146.404000
143.148000
139.960000
136.458000
133.384000
129.996000
126.512000
123.020000
119.548000
116.044000
112.584000
109.068000
105.620000
102.092000
 98.656000
 95.116000
 91.692000
 87.910000
 84.152000
 80.746000
 77.176000
 73.588000
 73.000000
 27.000000
 27.000000
 27.000000
 27.000000
 27.000000
 27.000000
 27.000000
 27.000000
 27.000000
 27.000000
 27.000000
 27.000000
 27.000000
 27.000000
 27.000000
 27.000000
 27.000000
 27.000000
 27.000000
 27.000000
 27.000000
 27.748000
 32.672000
 37.848000
 42.824000
 48.000000
 52.976000
 58.314000
 63.296000
 68.504000
 73.440000
 73.772000
 69.776000
 66.196000
 62.808000
 59.820000
 57.616000
 56.022000
 55.000000
 54.834000
 54.000000
 54.000000
 54.000000
 54.000000
 54.000000
 54.000000
 54.000000
 54.000000
 54.000000
 54.000000
 54.000000
 55.282000
 58.976000
 62.446000
 65.952000
 69.410000
 72.928000
 76.374000
 79.904000
 83.892000
 87.320000
 90.868000
 94.284000
 98.266000
101.832000
105.230000
109.012000
112.794000
116.184000
119.958000
123.740000
127.522000
131.136000
135.124000
139.112000
143.100000
147.232000
151.414000
155.596000
159.778000
164.160000
168.742000
173.324000
178.008000
182.984000
188.160000
193.536000
199.112000
205.288000
211.330000
218.300000
224.270000
230.192000
235.568000
240.508000
245.090000
249.272000
253.254000
257.236000
260.812000
263.800000
266.988000
269.776000
272.364000
274.576000
276.370000
277.964000
279.000000
280.000000
280.000000
280.000000
279.000000
277.672000
276.156000
274.168000
271.780000
269.192000
266.204000
263.016000
259.542000
255.760000
251.778000
247.596000
243.152000
238.376000
233.200000
228.024000
222.448000
216.840000
211.548000
211.860000
216.656000
221.424000
226.006000
230.188000
234.170000
237.752000
240.956000
243.944000
246.532000
248.560000
250.554000
251.948000
252.742000
253.000000
252.070000
250.952000
249.164000
246.776000
243.988000
241.000000
237.518000
233.536000
229.554000
225.096000
220.120000
214.944000
208.968000
202.740000
195.770000
188.840000
182.864000
177.288000
171.734000
166.552000
161.570000
156.788000
152.006000
147.632000
143.042000
138.860000
134.678000
130.496000
126.314000
122.332000
118.350000
114.568000
110.786000
106.936000
103.222000
 99.440000
 95.972000
 92.076000
 88.494000
 85.008000
 81.530000
 78.032000
 74.566000
 71.056000
 67.602000
 64.080000
 60.638000
 57.104000
 53.674000
 50.128000
 46.940000
 43.728000
 40.164000
 36.764000
 33.382000
 27.000000
