 80.000000
 82.576000
 85.728000
 89.392000
 93.456000
 98.360000
103.712000
109.264000
115.520000
121.960000
128.400000
134.840000
140.280000
145.976000
151.328000
156.560000
161.632000
166.184000
170.952000
175.216000
179.280000
183.344000
187.072000
190.848000
194.024000
197.200000
200.464000
203.152000
205.928000
208.504000
210.880000
212.856000
214.832000
216.504000
217.992000
219.080000
220.000000
220.456000
221.000000
220.000000
219.480000
218.392000
216.704000
215.032000
212.856000
210.680000
207.904000
204.928000
202.152000
198.464000
195.200000
191.336000
187.472000
183.408000
178.792000
175.200000
178.056000
181.248000
184.512000
187.776000
190.760000
193.704000
196.368000
199.088000
201.432000
203.520000
205.408000
206.896000
208.000000
208.000000
207.640000
206.352000
204.664000
202.552000
199.976000
197.200000
194.536000
191.272000
187.608000
183.792000
179.880000
175.216000
170.536000
165.384000
159.832000
153.600000
147.160000
141.176000
135.624000
130.472000
125.920000
121.368000
117.312000
113.448000
109.784000
106.320000
103.104000
100.392000
 97.552000
 94.776000
 92.400000
 89.824000
 87.648000
 85.536000
 85.256000
 89.280000
 91.856000
 94.632000
 97.512000
100.776000
103.960000
107.504000
111.568000
115.432000
120.096000
125.080000
130.632000
136.480000
142.536000
148.088000
153.040000
157.544000
161.408000
165.072000
168.424000
171.200000
173.488000
175.576000
177.064000
178.000000
178.000000
178.000000
177.384000
175.992000
174.408000
172.240000
169.664000
167.088000
163.912000
160.704000
156.960000
152.976000
149.016000
144.664000
140.384000
135.760000
130.808000
125.456000
122.000000
125.560000
132.000000
137.440000
142.904000
148.056000
152.856000
157.520000
161.784000
165.848000
169.912000
173.776000
176.960000
180.136000
182.912000
185.288000
187.432000
189.520000
191.208000
192.496000
193.384000
194.000000
194.000000
193.352000
192.264000
190.576000
188.488000
186.000000
183.424000
180.272000
177.072000
173.544000
169.680000
165.616000
160.752000
155.480000
150.040000
143.600000
138.160000
132.776000
128.168000
123.504000
119.240000
115.368000
111.016000
106.464000
101.712000
 96.200000
 90.208000
 85.992000
 82.728000
 80.488000
 80.000000
 39.000000
 35.136000
 31.848000
 29.072000
 26.696000
 25.160000
 24.072000
 23.184000
 23.000000
 23.000000
 23.000000
 23.000000
 24.000000
 24.744000
 25.832000
 27.040000
 28.408000
 30.296000
 31.968000
 34.144000
 36.520000
 38.896000
 41.608000
 44.272000
 47.536000
 50.800000
 53.976000
 57.728000
 61.392000
 65.256000
 69.320000
 73.784000
 78.248000
 83.016000
 87.968000
 93.320000
 98.840000
104.824000
110.720000
116.160000
122.080000
127.432000
132.184000
136.952000
141.216000
145.480000
149.144000
152.608000
156.272000
159.024000
162.200000
164.776000
167.352000
169.728000
171.552000
174.320000
177.584000
180.832000
184.008000
187.184000
190.640000
194.136000
197.912000
201.632000
205.728000
210.080000
214.632000
219.584000
224.920000
231.360000
237.440000
242.592000
247.344000
251.672000
255.536000
259.200000
262.976000
266.152000
268.928000
271.552000
274.080000
275.856000
277.616000
278.904000
279.792000
280.000000
280.000000
279.544000
278.656000
277.368000
275.480000
273.592000
271.208000
268.632000
265.856000
262.880000
259.656000
255.928000
252.328000
248.664000
244.600000
240.736000
236.472000
232.144000
228.496000
226.640000
229.784000
233.448000
237.008000
240.184000
243.440000
246.336000
248.712000
251.288000
253.064000
254.520000
255.408000
256.000000
255.616000
254.728000
253.240000
251.304000
248.728000
245.952000
242.864000
239.200000
235.048000
230.696000
225.744000
220.240000
213.800000
207.360000
201.536000
196.488000
191.632000
187.360000
183.496000
179.632000
176.368000
173.136000
170.440000
167.984000
165.504000
163.416000
161.256000
159.440000
157.952000
156.864000
153.880000
151.000000
151.000000
150.000000
149.024000
147.736000
146.096000
144.320000
142.144000
139.768000
137.392000
134.816000
131.560000
128.296000
124.632000
120.568000
116.272000
111.920000
107.168000
102.016000
 96.464000
 90.640000
 84.200000
 78.408000
 73.056000
 68.304000
 63.952000
 60.000000
 56.136000
 52.848000
 49.608000
 46.696000
 44.120000
 41.744000
 40.168000
 39.000000
 38.000000
 38.000000
 39.000000
 40.056000
 41.888000
 43.664000
 45.840000
 48.408000
 50.496000
 52.384000
 54.072000
 55.000000
 54.552000
 52.328000
 49.152000
 44.952000
 39.000000
