    -7.14889
    -7.20698
    -7.25624
    -7.29591
    -7.32518
    -7.34321
    -7.34914
    -7.34209
    -7.32122
    -2.88058
    -2.92418
    -2.95883
    -2.98385
    -2.99855
    -3.00219
    -2.99407
    -2.97345
    -2.93966
    0.805149
    0.780497
    0.765003
    0.759283
    0.763974
    0.779727
    0.807198
    0.847034
    0.899852
     3.99042
     3.98571
     3.99016
     4.00433
     4.02881
     4.06417
     4.11101
     4.16991
     4.24143
     6.80196
     6.81685
     6.84018
     6.87242
     6.91405
     6.96554
      7.0274
      7.1001
      7.1841
     8.81216
     8.84279
     8.88059
     8.92589
     8.97906
     9.04046
     9.11046
      9.1894
     9.27765
     10.4045
     10.4452
     10.4917
     10.5441
     10.6028
     10.6679
     10.7397
     10.8184
     10.9043
      11.819
     11.8658
      11.917
     11.9726
     12.0329
     12.0979
     12.1678
     12.2428
     12.3231
     12.5577
     12.6072
     12.6597
     12.7154
     12.7743
     12.8365
     12.9021
     12.9713
     13.0441
     13.1323
     13.1808
     13.2313
     13.2838
     13.3384
     13.3952
     13.4541
     13.5152
     13.5787
     13.7166
     13.7613
     13.8072
     13.8544
     13.9027
     13.9523
     14.0031
     14.0553
     14.1087
     14.3058
     14.3451
     14.3849
     14.4254
     14.4665
     14.5082
     14.5506
     14.5936
     14.6373
     15.8731
     15.9083
     15.9438
     15.9795
     16.0154
     16.0515
     16.0878
     16.1243
      16.161
     17.1882
     17.2191
       17.25
     17.2808
     17.3115
     17.3421
     17.3726
     17.4031
     17.4334
     18.8361
     18.8643
     18.8921
     18.9197
     18.9469
     18.9738
     19.0003
     19.0265
     19.0523
     20.5946
     20.6221
      20.649
     20.6753
     20.7009
     20.7259
     20.7503
     20.7739
     20.7969
     22.4996
     22.5294
     22.5582
      22.586
     22.6127
     22.6383
     22.6628
      22.686
      22.708
     24.9009
     24.9373
     24.9721
     25.0051
     25.0364
     25.0658
     25.0933
     25.1189
     25.1423
     27.0734
     27.1202
     27.1646
     27.2064
     27.2455
     27.2816
     27.3148
     27.3449
     27.3718
      29.722
     29.7841
     29.8426
     29.8974
     29.9481
     29.9945
     30.0365
     30.0739
     30.1064
     32.5523
     32.6332
     32.7093
     32.7801
     32.8453
     32.9047
     32.9578
     33.0044
      33.044
     34.6484
     34.7471
     34.8397
     34.9257
     35.0047
      35.076
     35.1393
      35.194
     35.2398
      32.989
     33.0966
     33.1973
     33.2906
     33.3759
     33.4525
     33.5199
     33.5776
      33.625
     31.0302
     31.1464
     31.2552
     31.3558
     31.4476
     31.5298
     31.6019
     31.6633
     31.7132
     29.8444
      29.972
     30.0914
      30.202
     30.3029
     30.3933
     30.4724
     30.5394
     30.5937
     28.4496
     28.5897
     28.7212
     28.8432
     28.9548
      29.055
     29.1429
     29.2176
     29.2782
     27.1549
     27.3085
     27.4533
     27.5882
      27.712
     27.8237
     27.9221
     28.0062
      28.075
     26.0652
     26.2323
     26.3905
     26.5384
     26.6748
     26.7984
     26.9078
     27.0019
     27.0796
     25.2451
     25.4223
     25.5906
     25.7487
     25.8954
     26.0289
     26.1481
     26.2512
     26.3371
     24.4362
     24.6103
     24.7764
     24.9332
     25.0793
     25.2132
     25.3334
     25.4384
     25.5269
     23.6442
     23.8086
     23.9659
      24.115
     24.2541
     24.3816
     24.4966
     24.5976
     24.6833
     16.8208
     16.9567
     17.0868
     17.2101
     17.3241
     17.4267
     17.5185
     17.5989
     17.6669
     12.0347
     12.1391
     12.2388
     12.3328
     12.4184
     12.4932
     12.5587
      12.615
     12.6612
     7.13593
      7.2079
     7.27601
     7.33921
     7.39516
     7.44239
     7.48196
     7.51396
     7.53772
     2.22779
     2.26648
     2.30208
     2.33364
     2.35946
     2.37869
     2.39197
     2.39939
     2.40046
    -2.68205
    -2.67803
    -2.67611
    -2.67699
    -2.68166
     -2.6905
    -2.70316
    -2.71944
    -2.73951
    -8.19928
    -8.23287
    -8.26716
    -8.30245
    -8.33906
    -8.37697
    -8.41566
    -8.45458
    -8.49317
    -13.8618
    -13.9358
    -14.0085
    -14.0797
    -14.1491
     -14.216
    -14.2793
    -14.3374
    -14.3885
    -20.1733
    -20.2926
    -20.4079
    -20.5183
    -20.6225
    -20.7189
    -20.8051
    -20.8778
    -20.9326
    -25.8167
    -25.9806
    -26.1375
    -26.2855
    -26.4223
    -26.5448
    -26.6487
    -26.7282
    -26.7753
    -31.2806
    -31.4919
    -31.6924
    -31.8789
    -32.0476
    -32.1933
    -32.3088
    -32.3844
    -32.4072
    -37.0044
     -37.268
    -37.5163
    -37.7448
    -37.9474
    -38.1159
    -38.2392
    -38.3025
    -38.2872
    -42.1449
    -42.4606
    -42.7565
     -43.026
    -43.2607
    -43.4486
    -43.5733
    -43.6141
    -43.5466
    -47.3006
    -47.6727
      -48.02
    -48.3338
    -48.6021
     -48.808
    -48.9286
    -48.9355
    -48.8001
    -51.9639
    -52.3924
    -52.7914
    -53.1496
    -53.4509
    -53.6724
     -53.783
     -53.746
    -53.5314
    -56.6246
     -57.113
    -57.5674
    -57.9731
    -58.3093
    -58.5453
    -58.6402
    -58.5486
    -58.2437
    -60.6918
    -61.2395
    -61.7492
    -62.2032
    -62.5751
    -62.8257
    -62.9019
      -62.75
     -62.351
      -64.52
    -65.1364
    -65.7122
    -66.2269
    -66.6479
    -66.9255
    -66.9904
    -66.7773
     -66.279
    -68.4077
     -69.117
    -69.7877
    -70.3972
    -70.9081
     -71.259
    -71.3574
    -71.1117
     -70.523
    -71.2552
    -72.0633
    -72.8409
    -73.5668
    -74.2039
    -74.6853
    -74.8941
    -74.6885
    -74.0543
     -74.455
    -75.3643
    -76.2533
     -77.104
    -77.8831
    -78.5247
    -78.8929
    -78.7731
     -78.109
    -75.3469
    -76.3083
    -77.2593
    -78.1861
    -79.0625
    -79.8319
    -80.3574
    -80.3493
    -79.6766
    -68.6339
    -69.5135
    -70.3895
    -71.2525
    -72.0845
    -72.8449
    -73.4219
    -73.4941
    -72.8488
     -61.359
    -62.1385
    -62.9197
    -63.6967
    -64.4588
    -65.1812
    -65.7869
    -65.9451
    -65.3334
    -53.5821
    -54.2574
     -54.938
    -55.6214
    -56.3026
    -56.9701
    -57.5853
     -57.843
    -57.2897
    -46.6978
    -47.2889
    -47.8881
    -48.4951
    -49.1088
    -49.7265
    -50.3371
    -50.6651
    -50.2721
     -46.111
    -46.6924
    -47.2836
    -47.8847
    -48.4964
    -49.1188
    -49.7424
    -50.0048
    -49.6537
    -45.7864
    -46.3668
    -46.9581
    -47.5616
    -48.1786
    -48.8108
    -49.4152
    -49.5812
    -49.2548
    -45.6554
    -46.2378
    -46.8328
    -47.4419
    -48.0676
    -48.7071
    -49.2278
    -49.2545
    -48.9292
    -45.9783
    -46.5685
    -47.1729
    -47.7939
    -48.4333
    -49.0662
    -49.4628
    -49.3627
    -49.0207
    -45.5278
    -46.1194
    -46.7269
    -47.3532
    -47.9944
     -48.565
    -48.7814
    -48.5891
    -48.2309
    -45.1894
    -45.7846
    -46.3978
    -47.0304
    -47.6581
    -48.1039
     -48.128
    -47.8654
     -47.488
    -44.4905
     -45.087
    -45.7035
    -46.3348
       -46.9
    -47.1541
    -47.0238
    -46.7087
    -46.3144
     -44.448
    -45.0524
    -45.6774
    -46.2937
    -46.7236
    -46.7558
    -46.5121
    -46.1517
    -45.7378
    -43.6876
    -44.2927
    -44.9133
    -45.4532
    -45.6641
    -45.5122
    -45.1919
    -44.8001
    -44.3753
    -42.5766
    -43.1755
    -43.7627
    -44.1332
    -44.0932
    -43.8142
    -43.4414
    -43.0287
    -42.5963
    -41.7441
    -42.3273
    -42.7969
    -42.8857
    -42.6446
    -42.2807
    -41.8706
    -41.4394
    -40.9982
    -40.6239
    -41.1362
    -41.3446
    -41.1344
    -40.7657
    -40.3479
    -39.9112
    -39.4676
    -39.0229
    -38.9461
    -39.1597
    -38.9392
    -38.5367
    -38.0943
    -37.6448
    -37.1955
    -36.7498
    -36.3089
    -36.5945
       -36.2
    -35.6954
    -35.2094
    -34.7387
    -34.2807
    -33.8331
    -33.3945
    -32.9638
    -33.3925
    -32.6836
    -32.1143
    -31.6066
    -31.1312
    -30.6767
    -30.2376
    -29.8108
    -29.3944
    -28.8548
    -28.1675
    -27.6092
    -27.1154
     -26.659
    -26.2277
    -25.8153
    -25.4179
    -25.0332
    -23.6699
    -23.0442
     -22.522
    -22.0609
    -21.6389
    -21.2442
    -20.8704
    -20.5131
    -20.1697
    -18.4116
    -17.8513
    -17.3764
     -16.958
    -16.5784
    -16.2269
    -15.8972
    -15.5848
    -15.2868
    -12.6762
     -12.182
    -11.7616
    -11.3939
    -11.0643
    -10.7631
     -10.484
    -10.2228
    -9.97624
    -6.74494
    -6.31375
    -5.94909
    -5.63449
    -5.35727
     -5.1086
    -4.88239
    -4.67427
    -4.48108
    -1.08615
   -0.712201
   -0.400098
   -0.136103
   0.0910067
    0.289448
    0.465159
     0.62249
    0.764692
     5.12884
     5.44331
     5.69867
     5.90709
      6.0788
     6.22162
      6.3414
     6.44252
     6.52834
     11.7377
     11.9938
      12.192
     12.3435
     12.4579
      12.543
     12.6044
     12.6468
     12.6736
     18.4804
     18.6825
     18.8267
     18.9236
     18.9827
     19.0114
     19.0156
     19.0001
     18.9685
     25.0947
     25.2488
     25.3444
     25.3917
     25.3998
     25.3763
     25.3272
     25.2574
     25.1706
      32.247
     32.3548
     32.4027
     32.4007
     32.3578
     32.2815
     32.1781
     32.0527
     31.9092
     39.3804
     39.4496
     39.4573
     39.4131
     39.3258
     39.2029
     39.0509
     38.8751
     38.6798
     46.8455
      46.885
     46.8606
     46.7814
     46.6562
     46.4925
      46.297
     46.0752
     45.8317
     54.3721
     54.3922
     54.3461
     54.2423
      54.089
     53.8939
     53.6636
      53.404
     53.1201
     62.3206
     62.3348
     62.2802
     62.1644
     61.9952
       61.78
     61.5255
     61.2378
      60.922
     70.2131
     70.2376
     70.1908
     70.0793
     69.9101
     69.6902
     69.4261
     69.1241
     68.7895
     77.3885
     77.4389
     77.4168
     77.3273
     77.1765
     76.9705
     76.7156
     76.4177
     76.0822
     83.4816
     83.5706
     83.5878
     83.5368
      83.422
     83.2487
     83.0223
     82.7482
     82.4316
     89.2607
     89.3997
     89.4684
     89.4688
     89.4041
      89.278
      89.095
     88.8598
     88.5771
     93.4891
     93.6845
     93.8135
     93.8766
     93.8752
     93.8117
     93.6891
     93.5112
     93.2818
     96.7198
     96.9729
      97.164
     97.2924
     97.3582
     97.3623
     97.3065
     97.1932
     97.0254
     99.3973
     99.7104
     99.9664
     100.164
     100.301
     100.378
     100.395
     100.354
     100.256
     101.345
     101.717
     102.038
     102.303
     102.513
     102.664
     102.757
     102.792
     102.768
     102.676
     103.103
     103.484
     103.815
     104.094
     104.318
     104.486
     104.596
     104.648
     103.481
     103.956
      104.39
     104.778
      105.12
      105.41
     105.647
     105.829
     105.954
     103.695
     104.207
     104.681
     105.116
     105.507
     105.852
     106.147
     106.389
     106.577
     103.265
     103.803
     104.308
     104.777
     105.207
     105.593
     105.933
     106.224
     106.462
     102.995
     103.554
     104.083
     104.579
     105.039
     105.458
     105.833
     106.161
     106.439
     102.303
     102.874
     103.417
      103.93
     104.409
      104.85
     105.249
     105.603
     105.909
     100.689
     101.263
      101.81
     102.329
     102.816
     103.267
     103.678
     104.046
     104.367
     101.884
     102.072
      102.25
     102.416
      102.57
      102.71
     102.835
     102.944
     103.036
     99.9368
     100.114
     100.281
     100.437
     100.581
     100.713
      100.83
     100.933
     101.019
      97.728
     97.8938
       98.05
     98.1958
     98.3304
     98.4527
     98.5618
     98.6567
     98.7363
     93.3423
     93.4911
     93.6313
      93.762
     93.8826
     93.9923
     94.0901
     94.1753
     94.2468
      84.298
     84.4188
     84.5329
     84.6397
     84.7386
     84.8292
     84.9107
     84.9826
     85.0443
     76.4981
     76.5898
     76.6763
      76.757
     76.8316
     76.8998
     76.9612
     77.0153
     77.0617
      67.935
     68.0005
      68.062
     68.1193
     68.1723
     68.2205
      68.264
     68.3022
     68.3351
     59.2129
     59.2573
      59.299
     59.3379
     59.3737
     59.4064
     59.4358
     59.4617
     59.4841
     49.1043
     49.1312
     49.1565
       49.18
     49.2016
     49.2214
     49.2392
     49.2549
     49.2686
     39.0566
     39.0712
     39.0849
     39.0976
     39.1093
     39.1201
     39.1297
     39.1383
     39.1457
      29.631
     29.6373
     29.6432
     29.6487
     29.6537
     29.6582
     29.6623
     29.6658
     29.6688
     20.0041
     20.0055
     20.0068
     20.0079
     20.0089
     20.0097
     20.0104
      20.011
     20.0114
     10.7577
     10.7557
     10.7537
     10.7518
     10.7499
      10.748
     10.7461
     10.7443
     10.7424
     1.18333
     1.17887
      1.1745
     1.17022
     1.16603
     1.16194
     1.15794
     1.15405
     1.15026
     -8.3106
    -8.31776
    -8.32476
    -8.33158
    -8.33824
    -8.34471
      -8.351
    -8.35709
      -8.363
     -18.165
    -18.1762
    -18.1871
    -18.1977
    -18.2079
    -18.2177
    -18.2272
    -18.2362
    -18.2449
    -27.9086
    -27.9262
    -27.9431
    -27.9592
    -27.9747
    -27.9894
    -28.0032
    -28.0163
    -28.0284
    -37.6491
    -37.6763
    -37.7022
    -37.7268
    -37.7499
    -37.7716
    -37.7918
    -37.8104
    -37.8274
    -46.5942
    -46.6344
    -46.6724
    -46.7082
    -46.7416
    -46.7726
    -46.8009
    -46.8265
    -46.8493
    -54.6272
    -54.6835
    -54.7365
    -54.7862
    -54.8323
    -54.8746
    -54.9129
    -54.9471
    -54.9769
    -62.0118
    -62.0858
    -62.1555
    -62.2205
    -62.2806
    -62.3354
    -62.3847
     -62.428
    -62.4652
    -68.5713
    -68.6618
    -68.7467
    -68.8257
    -68.8982
    -68.9639
    -69.0223
     -69.073
    -69.1157
      -74.68
    -74.7857
    -74.8846
    -74.9761
    -75.0597
    -75.1347
    -75.2008
    -75.2572
    -75.3037
    -80.1479
    -80.2692
    -80.3825
     -80.487
    -80.5821
    -80.6671
    -80.7412
    -80.8039
    -80.8545
    -84.6436
    -84.7814
      -84.91
    -85.0284
    -85.1359
    -85.2314
    -85.3143
    -85.3836
    -85.4388
    -88.6495
    -88.8048
    -88.9498
    -89.0834
    -89.2045
    -89.3121
    -89.4051
    -89.4826
    -89.5437
    -92.0575
    -92.2305
    -92.3923
    -92.5415
    -92.6769
    -92.7972
     -92.901
    -92.9872
    -93.0549
    -94.8357
    -95.0263
     -95.205
    -95.3703
    -95.5207
    -95.6545
    -95.7703
    -95.8666
    -95.9421
    -96.0467
    -96.2495
    -96.4402
    -96.6175
    -96.7794
    -96.9243
    -97.0504
     -97.156
    -97.2396
    -90.5607
    -90.7498
    -90.9292
    -91.0973
    -91.2528
    -91.3939
     -91.519
    -91.6266
     -91.715
    -88.3804
    -88.5736
    -88.7583
    -88.9329
    -89.0954
    -89.2441
    -89.3777
    -89.4953
    -89.5953
     -85.562
    -85.7564
    -85.9451
     -86.127
    -86.2973
    -86.4511
    -86.5924
    -86.7214
    -86.8369
    -81.7978
    -81.9887
    -82.1758
    -82.3576
    -82.5302
    -82.6914
    -82.8431
    -82.9859
    -83.1188
    -77.4491
    -77.6362
    -77.8209
    -78.0017
    -78.1759
     -78.342
    -78.5015
    -78.6551
    -78.8023
    -72.3309
     -72.512
    -72.6916
    -72.8687
    -73.0414
    -73.2093
    -73.3734
    -73.5342
    -73.6916
    -66.4208
     -66.593
    -66.7647
    -66.9353
    -67.1039
    -67.2704
    -67.4352
    -67.5991
    -67.7622
    -60.1399
    -60.3023
    -60.4651
     -60.628
    -60.7909
    -60.9537
     -61.117
    -61.2814
    -61.4477
     -53.059
    -53.2084
    -53.3593
    -53.5119
    -53.6659
    -53.8217
    -53.9799
    -54.1413
    -54.3067
    -45.5582
    -45.6915
    -45.8275
    -45.9667
    -46.1094
     -46.256
    -46.4073
    -46.5641
    -46.7274
    -36.9868
    -37.0996
    -37.2163
    -37.3373
    -37.4633
    -37.5949
    -37.7334
      -37.88
    -38.0359
    -28.1429
    -28.2331
    -28.3287
    -28.4304
    -28.5393
    -28.6566
     -28.784
    -28.9232
    -29.0756
    -18.7401
    -18.8032
    -18.8733
    -18.9516
    -19.0396
    -19.1395
    -19.2536
    -19.3845
    -19.5343
    -8.36718
    -8.39757
    -8.43658
    -8.48615
    -8.54873
    -8.62747
    -8.72614
     -8.8487
    -8.99793
      2.4586
      2.4654
     2.46155
     2.44426
     2.40989
     2.35364
     2.26967
     2.15194
     1.99695
     12.9557
     13.0023
     13.0362
     13.0533
     13.0485
     13.0147
     12.9431
      12.825
     12.6567
     23.5849
     23.6754
     23.7507
     23.8057
     23.8332
     23.8228
     23.7618
     23.6382
      23.449
     33.9363
     34.0745
     34.1953
     34.2922
     34.3554
     34.3705
     34.3192
      34.185
     33.9677
     41.8057
     41.9907
     42.1571
     42.2969
     42.3976
     42.4402
     42.3985
     42.2493
     41.9966
     42.3243
     42.5371
     42.7332
     42.9043
     43.0372
       43.11
     43.0886
     42.9383
     42.6634
     39.7749
     40.0064
     40.2245
     40.4222
     40.5873
     40.6976
     40.7138
      40.583
     40.3014
     37.7306
     37.9768
     38.2133
     38.4343
     38.6293
     38.7782
     38.8391
     38.7383
     38.4548
     35.2188
     35.4633
     35.7013
     35.9281
     36.1357
     36.3078
     36.4058
     36.3405
     36.0661
      33.063
     33.2922
     33.5176
      33.736
     33.9417
     34.1232
     34.2499
     34.2249
     33.9679
     30.7912
     31.0021
     31.2114
     31.4174
     31.6166
      31.802
      31.954
     31.9777
      31.744
     28.1324
     28.3243
     28.5168
      28.709
     28.8997
      29.086
      29.259
      29.338
     29.1562
     25.6687
     25.8471
     26.0275
     26.2099
      26.394
     26.5796
     26.7636
     26.8703
     26.7618
     22.6173
      22.786
     22.9573
     23.1317
     23.3095
     23.4917
     23.6739
     23.8016
     23.7316
     19.3353
     19.4953
     19.6587
     19.8262
     19.9991
     20.1791
     20.3573
     20.4638
     20.4106
     15.5152
     15.6665
     15.8221
     15.9832
      16.152
     16.3297
     16.5097
     16.5755
     16.5308
     12.3214
     12.4671
     12.6182
     12.7766
     12.9454
     13.1249
     13.3006
      13.334
     13.2922
      8.2042
      8.3414
     8.48545
     8.63914
     8.80584
     8.98982
     9.12351
     9.13745
     9.09872
     4.08517
     4.21427
     4.35205
     4.50232
     4.66939
     4.85657
     4.94113
     4.94248
     4.90715
    0.341917
    0.465008
    0.599363
    0.749851
    0.928889
     1.08413
     1.13137
     1.12386
     1.09074
    -3.53819
    -3.42158
    -3.29033
    -3.13621
    -2.94455
    -2.84391
    -2.82094
    -2.83304
    -2.86376
    -7.54998
     -7.4419
    -7.31536
    -7.14331
    -6.98582
    -6.92912
     -6.9202
    -6.93435
    -6.96015
    -11.3555
    -11.2584
    -11.1354
    -10.9413
    -10.8485
    -10.8209
    -10.8215
    -10.8349
    -10.8556
    -14.7344
    -14.6552
    -14.5067
    -14.3753
    -14.3333
    -14.3252
    -14.3301
    -14.3425
    -14.3595
    -18.0825
    -18.0511
    -17.8914
    -17.8461
    -17.8375
    -17.8391
    -17.8465
    -17.8567
    -17.8684
    -20.8391
     -20.866
    -20.8613
    -20.8683
    -20.8761
    -20.8837
    -20.8907
    -20.8969
    -20.9025
    -23.4231
    -23.5866
    -23.6442
    -23.6714
    -23.6862
    -23.6943
     -23.698
    -23.6988
    -23.6972
     -25.529
    -25.7005
    -25.7719
    -25.8066
    -25.8236
    -25.8302
      -25.83
    -25.8249
    -25.8161
    -27.2391
      -27.39
    -27.4626
    -27.4988
    -27.5148
    -27.5183
    -27.5132
    -27.5019
    -27.4858
    -28.3513
    -28.4855
    -28.5561
    -28.5918
    -28.6065
    -28.6072
    -28.5982
    -28.5819
    -28.5601
    -29.2646
    -29.3853
    -29.4521
    -29.4858
     -29.498
    -29.4955
    -29.4823
    -29.4611
    -29.4336
    -29.7757
    -29.8859
    -29.9489
    -29.9806
    -29.9908
    -29.9857
    -29.9692
    -29.9439
    -29.9119
    -30.3975
     -30.499
    -30.5579
    -30.5868
    -30.5943
     -30.586
    -30.5658
    -30.5363
    -30.4996
    -30.4402
    -30.5348
    -30.5908
    -30.6183
    -30.6244
    -30.6145
    -30.5922
    -30.5602
    -30.5203
    -30.3686
    -30.4566
    -30.5092
    -30.5344
    -30.5386
    -30.5266
    -30.5019
     -30.467
     -30.424
    -30.1022
    -30.1851
    -30.2349
    -30.2586
    -30.2615
    -30.2481
    -30.2216
    -30.1846
    -30.1391
    -29.4287
    -29.5077
    -29.5561
    -29.5792
    -29.5821
    -29.5686
    -29.5418
    -29.5041
    -29.4577
     -28.868
    -28.9439
    -28.9908
    -29.0135
     -29.016
     -29.002
    -28.9744
    -28.9356
    -28.8876
    -27.0754
    -27.1502
     -27.198
    -27.2228
     -27.228
    -27.2169
    -27.1921
     -27.156
    -27.1104
    -25.1837
    -25.2593
    -25.3096
    -25.3377
    -25.3466
    -25.3392
     -25.318
    -25.2851
    -25.2424
     -23.216
    -23.2938
    -23.3476
    -23.3801
    -23.3936
    -23.3907
    -23.3738
    -23.3448
    -23.3057
    -20.2508
    -20.3337
    -20.3941
    -20.4337
    -20.4548
    -20.4594
    -20.4497
    -20.4276
    -20.3949
    -18.2613
    -18.3496
    -18.4163
    -18.4627
    -18.4906
    -18.5018
    -18.4982
    -18.4815
    -18.4535
    -16.3539
    -16.4492
    -16.5238
    -16.5786
    -16.6149
    -16.6341
    -16.6379
    -16.6279
    -16.6056
    -15.1773
    -15.2788
    -15.3604
    -15.4228
    -15.4668
    -15.4935
    -15.5043
    -15.5005
    -15.4835
    -13.9983
    -14.1065
    -14.1959
    -14.2667
    -14.3193
    -14.3546
    -14.3734
    -14.3771
    -14.3668
    -13.1523
    -13.2661
    -13.3624
    -13.4409
    -13.5018
    -13.5455
    -13.5726
     -13.584
    -13.5807
     -12.782
    -12.8996
     -13.001
    -13.0856
    -13.1534
    -13.2044
     -13.239
    -13.2577
    -13.2614
    -11.8403
    -11.9626
    -12.0699
    -12.1616
    -12.2372
    -12.2967
    -12.3399
    -12.3672
    -12.3791
    -10.8048
    -10.9312
    -11.0439
    -11.1421
    -11.2253
    -11.2929
    -11.3448
     -11.381
    -11.4017
    -9.45793
    -9.58778
    -9.70517
    -9.80924
    -9.89924
    -9.97456
    -10.0347
    -10.0796
    -10.1089
    -7.71483
    -7.84726
    -7.96843
    -8.07746
    -8.17349
     -8.2558
    -8.32376
    -8.37691
    -8.41492
    -5.47847
    -5.61191
    -5.73519
    -5.84745
     -5.9478
    -6.03543
    -6.10959
    -6.16966
    -6.21511
    -4.66666
    -4.79925
    -4.92268
    -5.03605
    -5.13849
    -5.22912
    -5.30714
     -5.3718
    -5.42244
    -4.96921
    -5.10024
    -5.22286
    -5.33621
    -5.43939
    -5.53152
    -5.61173
    -5.67921
    -5.73319
    -6.30832
    -6.43796
    -6.55975
    -6.67285
    -6.77638
    -6.86944
    -6.95112
    -7.02056
    -7.07693
    -6.42416
    -6.54963
    -6.66762
    -6.77733
    -6.87787
    -6.96836
    -7.04788
    -7.11556
    -7.17051
    -10.0792
    -10.4691
    -10.8666
    -11.2714
    -11.6832
    -12.1016
    -12.5262
    -12.9559
    -13.3901
    -6.26702
    -6.65905
    -7.05877
    -7.46598
    -7.88043
    -8.30169
    -8.72924
    -9.16238
    -9.60024
    -3.04528
    -3.43777
    -3.83796
     -4.2457
    -4.66077
    -5.08283
    -5.51143
    -5.94597
    -6.38571
    -0.35747
   -0.744967
    -1.13975
    -1.54173
    -1.95072
    -2.36646
    -2.78857
    -3.21657
    -3.64984
     1.85061
     1.48646
     1.11608
    0.739554
    0.356999
   -0.031394
   -0.425361
   -0.824551
    -1.22851
     3.16692
     2.84119
     2.51069
     2.17546
     1.83559
     1.49121
     1.14251
     0.78971
    0.433116
     4.03161
     3.74838
     3.46174
     3.17175
     2.87847
     2.58201
     2.28248
     1.98005
      1.6749
     4.69516
     4.45659
     4.21577
     3.97275
     3.72758
     3.48031
     3.23104
     2.97986
     2.72689
     4.66026
     4.46858
     4.27556
     4.08121
     3.88557
     3.68869
      3.4906
     3.29138
     3.09108
     4.45495
     4.30895
     4.16223
     4.01481
     3.86671
     3.71794
     3.56854
     3.41853
     3.26794
     4.28259
     4.17611
     4.06929
     3.96215
     3.85469
     3.74691
     3.63883
     3.53047
     3.42183
     4.14687
     4.07276
     3.99851
     3.92412
      3.8496
     3.77494
     3.70016
     3.62525
     3.55022
     3.06383
      3.0145
     2.96509
     2.91561
     2.86606
     2.81643
     2.76673
     2.71697
     2.66712
     2.26688
     2.23531
     2.20365
      2.1719
     2.14007
     2.10815
     2.07615
     2.04405
     2.01187
      1.1663
     1.14492
      1.1234
     1.10174
     1.07994
     1.05801
     1.03594
     1.01373
    0.991386
  -0.0161796
  -0.0353372
  -0.0546969
  -0.0742578
  -0.0940189
   -0.113979
   -0.134136
   -0.154487
   -0.175031
    -1.31882
    -1.34409
    -1.36963
    -1.39543
    -1.42149
     -1.4478
    -1.47435
    -1.50113
    -1.52812
     -3.0962
    -3.13624
    -3.17661
    -3.21729
    -3.25827
     -3.2995
    -3.34098
    -3.38266
    -3.42452
    -4.63097
     -4.6928
    -4.75505
    -4.81769
    -4.88066
     -4.9439
    -5.00734
    -5.07092
    -5.13457
    -6.63713
     -6.7269
    -6.81721
    -6.90795
    -6.99902
    -7.09031
    -7.18168
    -7.27299
     -7.3641
    -8.82507
    -8.94686
    -9.06931
    -9.19226
    -9.31554
    -9.43892
     -9.5622
    -9.68511
    -9.80739
    -10.2847
     -10.437
    -10.5903
    -10.7443
    -10.8988
    -11.0534
    -11.2078
    -11.3616
    -11.5145
    -8.00388
    -8.17508
    -8.34819
    -8.52295
    -8.69903
    -8.87608
    -9.05367
    -9.23133
    -9.40855
    -5.43572
    -5.62323
    -5.81388
    -6.00739
    -6.20342
    -6.40155
    -6.60127
    -6.80204
    -7.00321
    -3.65681
    -3.86042
     -4.0685
    -4.28076
    -4.49681
    -4.71617
    -4.93827
    -5.16241
    -5.38781
    -1.69257
    -1.90886
    -2.13119
    -2.35928
    -2.59273
    -2.83102
     -3.0735
    -3.31936
    -3.56766
     0.14891
  -0.0768113
   -0.310255
   -0.551199
   -0.799274
    -1.05394
    -1.31448
    -1.57997
    -1.84935
     1.76003
     1.52933
     1.28918
     1.03972
    0.781253
    0.514305
     0.23963
  -0.0417727
   -0.328658
       3.061
     2.83422
     2.59664
     2.34825
     2.08922
     1.81998
     1.54121
     1.25392
    0.959396
     4.28105
     4.07765
     3.86313
     3.63729
      3.4001
     3.15173
     2.89263
     2.62352
     2.34552
     4.98418
      4.8114
       4.628
     4.43358
     4.22788
     4.01081
     3.78235
      3.5428
     3.29281
    0.903372
    0.718555
    0.525062
    0.322546
    0.110978
   -0.109599
   -0.339738
   -0.579551
   -0.828804
    -7.38671
    -7.60186
    -7.82336
    -8.05138
     -8.2856
    -8.52585
    -8.77303
    -9.02755
    -9.28947
    -15.5329
    -15.7839
    -16.0397
    -16.3003
    -16.5652
    -16.8342
    -17.1085
    -17.3884
    -17.6743
    -23.6395
    -23.9326
    -24.2294
    -24.5299
    -24.8333
    -25.1399
    -25.4505
    -25.7655
    -26.0855
    -31.7186
    -32.0597
    -32.4038
    -32.7506
    -33.0998
    -33.4514
    -33.8059
    -34.1638
    -34.5256
    -39.1688
    -39.5625
    -39.9587
     -40.357
    -40.7569
    -41.1584
    -41.5615
    -41.9663
    -42.3727
    -46.4542
    -46.9065
    -47.3608
    -47.8163
    -48.2725
    -48.7288
    -49.1845
    -49.6387
    -50.0901
    -53.0828
    -53.5963
    -54.1111
    -54.6261
    -55.1402
    -55.6518
    -56.1591
    -56.6594
    -57.1484
    -58.4339
    -59.0052
    -59.5768
    -60.1472
    -60.7144
    -61.2756
     -61.827
     -62.363
     -62.875
    -64.8855
    -65.5268
    -66.1672
    -66.8044
    -67.4349
     -68.054
    -68.6546
    -69.2267
    -69.7549
    -69.9622
    -70.6721
      -71.38
    -72.0822
    -72.7736
    -73.4466
    -74.0899
    -74.6867
    -75.2131
    -74.4534
    -75.2322
    -76.0078
    -76.7749
    -77.5261
    -78.2502
    -78.9301
    -79.5406
    -80.0476
    -78.9433
    -79.7983
    -80.6487
    -81.4877
    -82.3046
    -83.0833
    -83.7987
    -84.4147
    -84.8858
    -82.9265
    -83.8613
    -84.7904
     -85.705
    -86.5907
    -87.4251
     -88.173
    -88.7848
    -89.2048
    -86.8884
    -87.9106
    -88.9265
    -89.9246
    -90.8863
    -91.7807
    -92.5599
    -93.1585
     -93.512
    -90.2492
    -91.3606
    -92.4655
    -93.5501
    -94.5909
    -95.5475
    -96.3561
    -96.9338
    -97.2115
    -93.3816
    -94.5884
    -95.7903
    -96.9713
     -98.103
    -99.1342
    -99.9814
    -100.538
    -100.732
    -96.6553
    -97.9618
    -99.2683
    -100.559
    -101.802
    -102.939
    -103.862
    -104.427
    -104.549
    -99.0173
    -100.403
    -101.798
    -103.186
    -104.542
    -105.805
    -106.853
    -107.491
    -107.589
    -101.811
    -103.267
    -104.738
    -106.216
    -107.679
    -109.073
    -110.271
    -111.013
    -111.095
    -102.942
    -104.417
    -105.913
    -107.425
    -108.937
    -110.409
    -111.722
     -112.56
    -112.614
     -101.98
    -103.409
     -104.86
    -106.332
    -107.814
     -109.28
    -110.633
     -111.52
    -111.509
    -101.139
    -102.504
    -103.892
    -105.301
    -106.728
    -108.157
    -109.525
    -110.445
    -110.323
    -99.7812
    -101.074
    -102.389
    -103.724
     -105.08
    -106.452
    -107.807
    -108.733
    -108.433
     -99.394
    -100.637
    -101.899
    -103.182
    -104.484
    -105.805
    -107.132
    -107.932
    -107.343
    -99.3947
    -100.612
    -101.847
    -103.102
    -104.375
    -105.664
    -106.938
    -107.382
    -106.594
    -99.5053
    -100.705
    -101.922
    -103.156
    -104.405
    -105.658
    -106.782
    -106.693
    -105.788
    -99.4987
    -100.681
    -101.878
    -103.089
    -104.307
    -105.498
    -106.285
    -105.767
    -104.793
    -99.0964
    -100.257
    -101.431
    -102.612
    -103.784
    -104.837
    -105.114
    -104.358
    -103.338
    -99.5545
    -100.707
    -101.868
    -103.027
     -104.14
    -104.925
    -104.669
    -103.769
    -102.709
     -99.978
    -101.125
    -102.275
    -103.406
    -104.401
    -104.738
    -104.097
    -103.104
    -102.016
    -100.877
    -102.026
    -103.168
    -104.251
    -104.992
     -104.78
    -103.905
    -102.844
    -101.728
    -101.253
    -102.401
    -103.523
    -104.482
    -104.749
    -104.088
    -103.079
    -101.974
    -100.842
    -102.485
    -103.643
    -104.733
    -105.416
    -105.089
    -104.154
    -103.056
    -101.913
    -100.764
    -104.228
    -105.404
    -106.397
     -106.54
    -105.732
    -104.639
    -103.478
    -102.304
     -101.13
    -105.925
    -107.107
    -107.773
    -107.214
    -106.135
    -104.951
    -103.747
    -102.543
    -101.347
    -108.154
    -109.281
    -109.209
    -108.164
    -106.946
    -105.701
    -104.456
    -103.222
    -102.004
    -111.273
    -112.042
    -111.137
    -109.877
    -108.576
    -107.276
    -105.992
    -104.724
    -103.475
    -115.071
    -114.989
    -113.727
     -112.37
    -111.009
    -109.662
    -108.333
    -107.022
    -105.729
    -118.154
    -117.315
    -115.959
    -114.557
    -113.158
    -111.773
    -110.403
     -109.05
    -107.714
    -119.769
    -118.652
    -117.277
    -115.862
    -114.446
    -113.041
    -111.649
    -110.275
    -108.918
    -120.912
    -119.723
    -118.355
    -116.944
    -115.526
    -114.116
    -112.718
    -111.335
     -109.97
    -121.152
    -119.955
    -118.611
    -117.221
     -115.82
    -114.422
    -113.034
    -111.659
    -110.301
    -120.872
    -119.694
    -118.387
     -117.03
    -115.657
    -114.283
    -112.915
     -111.56
    -110.218
    -120.371
    -119.224
    -117.958
    -116.638
    -115.298
    -113.952
     -112.61
    -111.277
    -109.956
    -119.832
     -118.72
    -117.495
    -116.214
    -114.908
    -113.593
    -112.278
     -110.97
    -109.671
    -118.613
    -117.545
     -116.37
    -115.137
    -113.875
    -112.601
    -111.323
    -110.049
    -108.782
    -116.978
     -115.96
     -114.84
    -113.661
    -112.449
     -111.22
    -109.985
    -108.751
    -107.522
    -115.189
    -114.224
     -113.16
    -112.035
    -110.874
    -109.693
    -108.503
     -107.31
     -106.12
    -113.102
     -112.19
    -111.183
    -110.115
    -109.008
    -107.878
    -106.735
    -105.588
     -104.44
    -110.045
    -109.192
    -108.249
    -107.246
    -106.202
    -105.132
    -104.047
    -102.954
    -101.859
    -106.982
    -106.186
    -105.305
    -104.365
    -103.382
    -102.372
    -101.343
    -100.304
    -99.2606
    -103.352
    -102.613
    -101.796
    -100.919
    -99.9997
    -99.0502
    -98.0803
    -97.0976
    -96.1076
    -99.0372
    -98.3569
    -97.6026
    -96.7912
    -95.9366
    -95.0506
    -94.1422
    -93.2187
    -92.2858
     -93.854
    -93.2323
    -92.5419
    -91.7967
    -91.0087
    -90.1881
    -89.3435
    -88.4817
    -87.6084
    -88.2876
    -87.7206
    -87.0902
    -86.4074
    -85.6822
    -84.9238
    -84.1398
    -83.3368
    -82.5202
    -82.0821
    -81.5674
    -80.9948
    -80.3728
    -79.7097
    -79.0131
    -78.2901
    -77.5465
    -76.7876
    -74.8594
    -74.3951
    -73.8791
    -73.3177
    -72.7175
    -72.0847
    -71.4252
    -70.7444
    -70.0471
    -67.3978
    -66.9784
    -66.5132
    -66.0069
    -65.4644
    -64.8907
    -64.2906
    -63.6688
    -63.0296
     -58.432
    -58.0542
    -57.6374
    -57.1847
    -56.6997
    -56.1861
    -55.6477
    -55.0882
    -54.5114
    -50.5093
    -50.1609
    -49.7794
    -49.3665
    -48.9249
    -48.4572
    -47.9664
    -47.4556
    -46.9279
    -42.1881
    -41.8594
    -41.5026
     -41.119
    -40.7102
    -40.2783
    -39.8255
    -39.3541
    -38.8667
    -34.2629
    -33.9439
    -33.6011
    -33.2355
    -32.8481
    -32.4404
    -32.0139
    -31.5706
    -31.1124
    -26.6141
    -26.2957
    -25.9573
    -25.5994
    -25.2228
    -24.8285
    -24.4178
    -23.9919
    -23.5528
    -19.1613
    -18.8354
    -18.4927
    -18.1336
    -17.7586
    -17.3683
    -16.9638
    -16.5463
     -16.117
    -11.8833
    -11.5456
    -11.1938
    -10.8281
     -10.449
    -10.0571
    -9.65314
    -9.23808
    -8.81312
     -4.3211
    -3.96923
    -3.60555
    -3.23031
    -2.84392
    -2.44694
    -2.04009
    -1.62428
    -1.20059
     3.08901
      3.4594
     3.83974
     4.22974
     4.62895
     5.03679
      5.4525
     5.87515
     6.30365
     10.1403
     10.5336
     10.9352
     11.3449
      11.762
     12.1861
     12.6161
     13.0512
     13.4901
     17.0059
     17.4224
     17.8462
     18.2768
     18.7136
     19.1557
     19.6024
     20.0524
     20.5046
     25.0345
     25.2627
     25.4934
     25.7266
     25.9619
      26.199
     26.4375
     26.6769
     26.9167
     31.9762
     32.2208
     32.4677
     32.7165
      32.967
     33.2188
     33.4715
     33.7246
     33.9776
     38.7894
     39.0493
     39.3111
     39.5745
     39.8391
     40.1046
     40.3706
     40.6366
      40.902
     44.5973
     44.8627
     45.1295
     45.3974
     45.6663
     45.9356
     46.2051
     46.4742
     46.7425
     48.2971
     48.5476
     48.7991
     49.0515
     49.3045
     49.5579
     49.8113
     50.0644
     50.3168
     46.8912
     47.1123
     47.3341
     47.5564
     47.7791
     48.0019
     48.2247
     48.4473
     48.6693
     44.4293
     44.6173
     44.8056
     44.9943
     45.1831
      45.372
     45.5608
     45.7494
     45.9376
     42.0296
     42.1853
     42.3413
     42.4973
     42.6535
     42.8096
     42.9656
     43.1215
     43.2771
     39.0227
     39.1451
     39.2676
     39.3901
     39.5126
     39.6352
     39.7577
     39.8801
     40.0024
     35.9173
     36.0104
     36.1035
     36.1967
       36.29
     36.3832
     36.4765
     36.5697
     36.6629
     32.1567
     32.2249
     32.2931
     32.3614
     32.4297
      32.498
     32.5664
     32.6348
     32.7032
     28.5615
     28.6105
     28.6595
     28.7085
     28.7576
     28.8067
     28.8559
     28.9052
     28.9545
     24.5618
     24.5957
     24.6296
     24.6636
     24.6977
     24.7318
     24.7659
     24.8001
     24.8343
     20.8657
     20.8896
     20.9135
     20.9374
     20.9614
     20.9854
     21.0094
     21.0335
     21.0575
     17.0706
     17.0888
     17.1071
     17.1254
     17.1436
     17.1619
     17.1801
     17.1983
     17.2165
     13.6197
      13.637
     13.6543
     13.6716
     13.6888
      13.706
     13.7232
     13.7403
     13.7573
     10.0471
     10.0675
     10.0879
     10.1082
     10.1286
     10.1489
     10.1691
     10.1893
     10.2094
      7.2261
     7.25356
     7.28111
     7.30872
     7.33639
     7.36409
      7.3918
      7.4195
     7.44715
     4.60957
     4.64656
     4.68383
     4.72134
     4.75907
     4.79698
     4.83503
     4.87318
     4.91138
     2.27585
     2.32368
     2.37207
     2.42098
     2.47039
     2.52022
     2.57042
     2.62092
     2.67164
    0.186732
    0.245572
    0.305378
    0.366103
     0.42769
    0.490065
    0.553143
    0.616823
    0.680991
     -1.4611
    -1.39208
    -1.32162
    -1.24977
    -1.17661
    -1.10222
    -1.02672
   -0.950249
   -0.872958
    -3.16789
    -3.08926
    -3.00861
    -2.92601
    -2.84154
     -2.7553
    -2.66745
    -2.57816
    -2.48764
    -4.89305
    -4.80545
    -4.71517
    -4.62226
    -4.52681
    -4.42895
    -4.32885
    -4.22676
    -4.12293
    -6.43825
    -6.34314
    -6.24459
    -6.14265
    -6.03741
    -5.92903
    -5.81771
    -5.70372
    -5.58741
     -7.4949
    -7.39326
     -7.2874
    -7.17736
    -7.06321
    -6.94511
    -6.82331
    -6.69813
    -6.56998
    -8.74173
    -8.63574
    -8.52469
    -8.40856
    -8.28742
    -8.16142
    -8.03082
    -7.89599
     -7.7574
    -9.41201
    -9.30421
    -9.19059
    -9.07109
    -8.94572
    -8.81461
      -8.678
    -8.53628
    -8.39001
    -9.19191
    -9.08723
    -8.97638
    -8.85921
    -8.73566
     -8.6058
    -8.46983
     -8.3281
    -8.18117
    -2.44114
    -2.34143
    -2.23665
    -2.12669
    -2.01148
    -1.89107
     -1.7656
    -1.63535
    -1.50076
     8.69597
     8.80784
     8.92353
     9.04307
      9.1664
     9.29342
     9.42408
     9.55819
     9.69541
     19.1617
     19.2928
     19.4268
     19.5637
     19.7028
     19.8429
     19.9854
     20.1304
     20.2778
     28.6646
     28.8156
     28.9687
     29.1237
     29.2795
     29.4357
     29.5933
     29.7528
     29.9142
     37.5672
     37.7402
     37.9148
     38.0906
     38.2665
     38.4421
     38.6185
     38.7964
     38.9761
      45.685
     45.8812
     46.0783
      46.276
     46.4733
     46.6701
     46.8674
     47.0657
     47.2656
     52.9961
     53.2161
     53.4367
     53.6572
     53.8773
     54.0966
     54.3158
     54.5353
     54.7556
     59.9225
      60.169
     60.4156
     60.6617
     60.9068
     61.1507
     61.3934
     61.6352
     61.8758
     66.0377
     66.3116
     66.5852
     66.8576
     67.1282
     67.3964
     67.6616
     67.9233
     68.1803
     71.7231
     72.0247
     72.3255
     72.6247
     72.9215
     73.2146
     73.5026
     73.7833
     74.0538
     76.3338
     76.6625
     76.9893
     77.3131
     77.6323
      77.945
     78.2486
     78.5393
     78.8114
     80.6604
     81.0186
     81.3744
     81.7261
     82.0714
     82.4074
     82.7293
     83.0306
     83.3017
     84.4201
     84.8078
     85.1924
     85.5715
     85.9421
     86.2995
     86.6367
     86.9435
     87.2057
     87.2024
     87.6187
      88.031
     88.4364
     88.8304
     89.2065
     89.5546
     89.8602
     90.1039
     89.5182
     89.9647
     90.4066
     90.8402
     91.2596
     91.6559
     92.0149
     92.3167
      92.537
      90.323
     90.7967
     91.2656
     91.7249
     92.1671
     92.5804
     92.9459
     93.2375
     93.4273
     90.6109
     91.1122
     91.6087
     92.0947
     92.5612
     92.9928
     93.3651
     93.6455
     93.8032
       89.84
     90.3664
     90.8885
     91.4001
     91.8901
     92.3398
     92.7184
     92.9858
     93.1104
     90.3196
     90.8797
     91.4368
     91.9843
     92.5099
     92.9908
     93.3878
     93.6495
     93.7409
     90.2912
     90.8778
     91.4644
     92.0453
      92.609
     93.1318
     93.5673
     93.8469
     93.9233
     87.2465
     87.8397
     88.4363
     89.0324
     89.6191
     90.1761
     90.6563
     90.9727
     91.0528
     84.7449
     85.3358
     85.9326
     86.5331
     87.1314
     87.7118
     88.2306
     88.5832
      88.661
     81.8153
     82.3869
      82.965
     83.5481
     84.1326
      84.708
     85.2387
     85.6096
       85.67
     79.2651
     79.8031
     80.3475
     80.8976
     81.4513
     82.0026
     82.5265
     82.9029
     82.9294
     76.6161
     77.1175
     77.6248
     78.1374
     78.6545
     79.1735
     79.6809
     80.0561
     80.0271
     73.6016
     74.0667
      74.537
     75.0124
     75.4926
      75.977
     76.4602
     76.8099
     76.6869
     70.7665
     71.2039
     71.6463
     72.0937
     72.5462
     73.0032
     73.4594
     73.7286
     73.4991
     67.3312
     67.7486
     68.1705
     68.5968
     69.0269
     69.4592
     69.8714
     69.9817
     69.6956
     63.6634
     64.0623
      64.465
      64.871
     65.2789
     65.6821
     66.0117
     65.9218
     65.6099
     59.4537
     59.8333
     60.2159
     60.6001
     60.9824
     61.3426
     61.5397
     61.3349
       61.01
     55.9663
     56.3309
     56.6971
     57.0626
     57.4182
     57.7118
     57.7329
     57.4679
     57.1351
     53.4292
     53.7848
     54.1405
     54.4913
     54.8152
      55.006
     54.8685
     54.5692
     54.2298
      51.692
     52.0429
     52.3916
     52.7274
     52.9982
     53.0376
        52.8
      52.478
      52.133
      50.396
     50.7442
     51.0861
     51.3962
     51.5692
     51.4398
     51.1456
     50.8084
      50.458
     49.7176
     50.0663
     50.4005
     50.6593
     50.6741
     50.4262
     50.0981
     49.7487
     49.3937
     49.3155
     49.6683
     49.9865
     50.1438
     49.9765
      49.662
     49.3117
     48.9525
     48.5921
     49.5418
     49.8999
     50.1702
     50.1425
     49.8511
     49.4985
     49.1322
     48.7636
     48.3954
     50.2063
     50.5622
     50.7133
     50.4702
     50.1146
     49.7383
     49.3587
     48.9797
     48.6035
     51.7302
     52.0475
      51.939
      51.582
     51.1919
     50.7964
     50.4022
     50.0116
     49.6252
     53.2882
     53.4976
     53.1619
     52.7583
     52.3452
     51.9337
     51.5261
     51.1229
      50.724
     55.8879
      55.802
     55.3995
     54.9722
     54.5428
     54.1162
     53.6934
     53.2747
     52.8601
      57.696
     57.4101
     56.9905
     56.5542
      56.116
     55.6795
     55.2462
     54.8165
     54.3908
     58.9122
     58.5665
     58.1447
     57.7069
     57.2656
     56.8252
     56.3873
     55.9528
     55.5222
     59.4707
     59.1099
      58.693
     58.2597
     57.8216
     57.3834
      56.947
     56.5137
      56.084
     59.8047
     59.4434
     59.0355
     58.6106
     58.1797
     57.7475
     57.3163
     56.8876
      56.462
     59.7257
     59.3707
     58.9746
      58.561
     58.1401
     57.7168
     57.2938
     56.8725
     56.4539
      59.758
     59.4108
     59.0261
     58.6233
     58.2122
     57.7978
     57.3828
      56.969
     56.5573
     59.2065
     58.8706
     58.4998
     58.1107
     57.7122
     57.3093
     56.9049
     56.5008
     56.0984
     58.5342
     58.2112
     57.8555
     57.4814
      57.097
     56.7071
     56.3148
     55.9222
     55.5305
     57.6692
     57.3598
     57.0197
      56.661
     56.2912
     55.9151
     55.5359
     55.1555
     54.7755
     56.4012
     56.1058
     55.7815
     55.4387
     55.0843
     54.7229
     54.3576
     53.9905
     53.6232
     55.2473
     54.9663
     54.6579
      54.331
     53.9919
      53.645
     53.2933
     52.9392
     52.5843
     52.8648
     52.5995
     52.3087
          52
     51.6789
     51.3496
      51.015
     50.6775
     50.3386
     50.3966
     50.1457
     49.8711
      49.579
     49.2745
     48.9611
     48.6419
     48.3193
     47.9948
     47.8635
     47.6258
      47.366
     47.0892
     46.7999
     46.5015
     46.1968
     45.8881
     45.5772
      44.348
     44.1232
     43.8777
     43.6159
     43.3416
      43.058
     42.7677
     42.4731
     42.1758
     39.8267
     39.6128
       39.38
     39.1318
     38.8715
     38.6019
     38.3256
     38.0446
     37.7607
     35.2925
     35.0873
     34.8648
     34.6279
     34.3794
     34.1217
     33.8571
     33.5875
     33.3148
     29.9457
     29.7482
     29.5354
     29.3095
     29.0727
     28.8271
     28.5747
     28.3173
     28.0564
     24.7188
     24.5274
     24.3223
     24.1054
     23.8783
     23.6428
     23.4006
     23.1534
     22.9027
     19.0297
     18.8434
     18.6451
     18.4363
     18.2185
     17.9929
      17.761
     17.5241
     17.2838
     13.0374
     12.8542
     12.6609
     12.4584
      12.248
     12.0307
     11.8078
     11.5805
       11.35
     7.44445
     7.26169
     7.07021
     6.87078
     6.66429
     6.45169
     6.23403
     6.01236
     5.78774
     2.16536
     1.98049
      1.7881
     1.58879
     1.38328
     1.17237
    0.956951
    0.737938
    0.516262
    -3.01823
    -3.20774
    -3.40376
    -3.60581
     -3.8133
    -4.02554
    -4.24178
    -4.46122
    -4.68304
    -7.08526
    -7.28029
    -7.48107
    -7.68723
    -7.89826
    -8.11358
    -8.33254
    -8.55445
    -8.77856
    -9.80914
    -10.0092
    -10.2145
    -10.4246
    -10.6393
    -10.8579
    -11.0799
    -11.3048
    -11.5318
    -11.1314
    -11.3334
    -11.5401
    -11.7513
    -11.9665
    -12.1855
    -12.4076
    -12.6325
    -12.8594
     -11.353
    -11.5547
    -11.7608
    -11.9711
    -12.1852
    -12.4027
    -12.6233
    -12.8465
    -13.0717
     -10.544
    -10.7442
    -10.9486
    -11.1569
    -11.3688
    -11.5841
    -11.8024
    -12.0231
    -12.2459
    -10.9632
    -11.1649
    -11.3705
    -11.5796
    -11.7922
    -12.0078
    -12.2261
    -12.4467
     -12.669
