 79.000000
 87.128000
 96.584000
105.476000
113.912000
121.840000
127.368000
134.644000
142.536000
149.552000
155.680000
160.404000
164.568000
170.532000
178.488000
187.380000
196.272000
205.164000
213.104000
221.032000
229.440000
237.888000
246.224000
254.716000
265.408000
275.000000
280.928000
287.056000
294.960000
308.224000
321.080000
334.936000
348.992000
362.448000
376.104000
389.360000
402.216000
415.072000
427.528000
439.384000
449.880000
450.752000
445.512000
441.148000
443.032000
448.960000
452.344000
455.108000
457.944000
459.836000
462.400000
465.164000
468.000000
470.692000
475.112000
479.640000
484.968000
491.896000
499.736000
507.952000
514.680000
521.208000
527.568000
533.864000
539.792000
545.720000
550.200000
549.024000
541.744000
529.736000
519.040000
512.312000
505.784000
498.456000
490.928000
483.200000
476.072000
468.544000
460.024000
451.888000
443.440000
433.464000
431.848000
434.412000
437.376000
439.740000
442.304000
445.068000
447.832000
449.596000
450.200000
451.524000
454.000000
456.452000
458.416000
460.180000
460.200000
456.784000
446.584000
436.456000
427.000000
421.072000
415.744000
411.016000
407.144000
404.000000
402.216000
398.052000
394.488000
390.924000
387.360000
383.596000
380.032000
376.468000
369.504000
366.140000
364.400000
364.200000
365.000000
365.716000
366.200000
367.200000
368.000000
368.772000
369.000000
370.000000
370.864000
370.972000
370.000000
369.956000
366.760000
358.548000
345.208000
334.564000
327.848000
325.800000
324.696000
323.800000
322.568000
320.804000
318.040000
316.000000
314.312000
313.652000
313.000000
312.000000
310.056000
308.600000
305.728000
301.128000
291.800000
287.436000
283.672000
280.308000
277.144000
274.000000
271.016000
268.000000
264.688000
260.524000
256.560000
252.796000
248.864000
241.072000
229.520000
217.620000
210.576000
209.000000
211.000000
213.000000
215.480000
218.000000
220.000000
222.000000
224.536000
226.300000
228.864000
231.828000
234.992000
237.000000
238.320000
239.000000
238.552000
237.000000
232.648000
225.720000
218.192000
207.660000
196.504000
187.012000
178.320000
171.476000
166.824000
160.044000
149.336000
138.060000
125.280000
109.460000
 95.312000
 83.928000
 79.000000
302.000000
293.308000
285.944000
278.016000
269.632000
260.740000
251.448000
241.904000
232.976000
223.172000
212.480000
200.384000
187.728000
176.872000
168.008000
160.080000
152.152000
144.224000
135.344000
126.452000
118.040000
109.668000
101.184000
 92.856000
 86.728000
 79.500000
 68.608000
 57.916000
 49.000000
 50.556000
 52.520000
 55.484000
 58.248000
 61.612000
 64.776000
 68.340000
 72.304000
 76.268000
 80.632000
 85.596000
 91.920000
103.372000
114.952000
127.408000
142.048000
152.940000
166.376000
180.432000
194.416000
205.344000
219.600000
233.656000
247.640000
261.768000
274.168000
286.460000
297.952000
307.844000
316.824000
325.428000
335.520000
345.812000
356.272000
366.796000
377.688000
388.580000
400.072000
412.964000
422.504000
424.684000
418.560000
408.468000
398.176000
388.684000
379.392000
370.300000
360.608000
351.316000
343.016000
334.332000
325.960000
319.116000
332.392000
346.648000
360.504000
372.960000
387.216000
401.272000
415.328000
428.384000
439.880000
452.096000
466.440000
478.808000
491.664000
506.720000
516.432000
529.324000
535.944000
535.364000
528.000000
517.108000
505.616000
493.524000
480.576000
466.900000
453.864000
441.208000
427.952000
414.696000
401.440000
388.384000
375.128000
361.872000
359.984000
373.440000
388.472000
397.964000
410.760000
424.864000
440.240000
454.132000
469.040000
483.088000
499.680000
511.500000
525.456000
542.112000
553.960000
566.824000
580.360000
588.968000
591.552000
585.376000
575.272000
561.580000
548.192000
535.396000
523.272000
508.216000
494.160000
479.380000
464.248000
449.896000
435.920000
420.100000
405.224000
393.676000
379.912000
367.692000
371.800000
384.256000
397.312000
410.768000
424.424000
438.100000
451.936000
465.740000
479.248000
491.904000
504.760000
517.816000
530.704000
539.732000
541.000000
536.080000
526.304000
511.060000
498.240000
483.420000
469.080000
454.780000
441.960000
427.140000
412.856000
399.800000
385.544000
371.688000
358.032000
343.220000
329.720000
317.580000
305.208000
289.940000
277.472000
267.580000
258.288000
252.000000
257.664000
264.992000
273.120000
283.096000
295.264000
305.304000
311.416000
316.960000
321.000000
322.000000
319.328000
313.892000
302.000000
