 19.000000
 21.318000
 23.636000
 25.754000
 28.072000
 30.390000
 32.508000
 34.826000
 36.944000
 39.216000
 41.580000
 43.698000
 45.888000
 48.312000
 50.452000
 52.570000
 54.888000
 57.006000
 59.324000
 61.642000
 63.760000
 66.078000
 68.396000
 70.514000
 72.832000
 74.950000
 77.224000
 79.586000
 81.704000
 83.896000
 86.320000
 88.458000
 90.576000
 92.894000
 95.012000
 97.330000
 99.648000
101.766000
104.084000
106.202000
108.520000
110.838000
112.956000
115.232000
117.392000
119.510000
121.904000
124.146000
126.264000
128.582000
130.900000
133.018000
135.336000
137.654000
139.772000
142.090000
144.408000
146.526000
148.844000
150.962000
153.240000
155.598000
157.716000
159.912000
162.336000
164.470000
166.588000
169.008000
171.224000
173.342000
175.680000
177.978000
180.096000
181.738000
182.000000
182.000000
182.000000
182.000000
182.000000
182.000000
182.000000
182.000000
182.000000
182.000000
182.000000
182.000000
182.000000
182.000000
182.000000
182.000000
182.000000
182.000000
182.000000
182.000000
182.000000
182.000000
182.000000
182.000000
182.000000
182.094000
182.000000
180.282000
177.964000
175.846000
173.528000
171.210000
169.092000
166.832000
164.456000
162.338000
160.160000
157.902000
155.784000
153.466000
151.148000
149.030000
146.712000
144.394000
142.276000
139.958000
137.840000
135.522000
133.204000
131.086000
128.824000
126.450000
124.332000
122.152000
119.896000
117.778000
115.460000
113.142000
111.024000
108.706000
106.388000
104.270000
101.952000
 99.834000
 97.516000
 95.398000
 93.240000
 90.962000
 88.844000
 86.526000
 84.208000
 82.090000
 79.772000
 77.454000
 75.336000
 73.018000
 70.700000
 68.582000
 66.264000
 63.946000
 61.828000
 59.510000
 57.392000
 55.232000
 52.808000
 50.638000
 48.520000
 46.136000
 43.884000
 41.766000
 39.448000
 37.130000
 35.012000
 32.694000
 30.376000
 28.258000
 25.940000
 23.822000
 21.504000
 19.524000
 19.000000
 19.000000
 19.000000
 19.000000
 19.000000
 19.000000
 19.000000
 19.000000
 19.000000
 19.000000
 19.000000
 19.000000
 19.000000
 19.000000
 19.000000
 19.000000
 19.000000
 19.000000
 19.000000
 19.000000
 19.000000
 19.000000
 19.000000
 19.000000
 19.000000
 19.000000
 19.000000
 53.000000
 51.788000
 50.576000
 49.164000
 47.952000
 46.740000
 45.328000
 44.116000
 42.704000
 41.446000
 40.280000
 38.868000
 37.528000
 36.422000
 35.032000
 33.620000
 32.408000
 30.996000
 29.784000
 28.572000
 27.160000
 25.948000
 24.736000
 23.324000
 22.112000
 20.700000
 19.444000
 18.276000
 16.864000
 15.526000
 14.420000
 13.028000
 11.616000
 10.404000
  8.992000
  7.780000
  6.600000
  6.844000
  8.056000
  9.468000
 10.680000
 11.892000
 13.304000
 14.558000
 15.928000
 17.340000
 18.476000
 19.764000
 21.176000
 22.388000
 23.600000
 25.012000
 26.224000
 27.436000
 28.848000
 30.060000
 31.272000
 32.684000
 33.896000
 35.308000
 36.560000
 37.732000
 39.144000
 40.478000
 41.584000
 42.980000
 44.392000
 45.502000
 46.816000
 48.228000
 49.420000
 50.652000
 52.064000
 53.952000
 57.220000
 60.750000
 64.280000
 67.810000
 71.340000
 74.870000
 78.400000
 81.930000
 85.460000
 88.990000
 92.520000
 96.050000
 99.580000
103.110000
106.640000
110.170000
113.700000
117.230000
120.760000
124.290000
127.820000
131.350000
134.880000
138.410000
141.940000
145.376000
147.400000
148.812000
150.024000
151.436000
152.648000
153.860000
155.272000
156.542000
157.696000
159.108000
160.460000
161.732000
163.144000
164.356000
165.568000
166.980000
168.192000
169.404000
170.816000
172.028000
173.440000
174.652000
175.864000
177.276000
178.544000
179.700000
181.112000
182.462000
183.736000
185.148000
186.360000
187.572000
188.984000
190.196000
191.408000
192.820000
194.032000
194.400000
193.344000
191.932000
190.560000
189.308000
187.896000
186.684000
185.472000
184.060000
182.848000
181.636000
180.224000
179.012000
177.800000
176.388000
175.176000
173.964000
172.552000
171.340000
169.928000
168.558000
167.452000
166.092000
164.680000
163.534000
162.256000
160.844000
159.632000
158.420000
157.008000
155.796000
154.584000
153.172000
151.960000
150.548000
149.336000
147.786000
144.780000
141.250000
137.720000
134.190000
130.660000
127.130000
123.600000
120.070000
116.540000
113.010000
109.480000
105.950000
102.420000
 98.890000
 95.360000
 91.830000
 88.300000
 84.770000
 81.240000
 77.710000
 74.180000
 70.650000
 67.120000
 63.590000
 60.060000
 56.530000
 53.000000
