 22.000000
 25.140000
 28.280000
 31.420000
 34.560000
 37.700000
 40.840000
 43.980000
 47.120000
 50.260000
 53.400000
 56.540000
 59.680000
 62.820000
 65.960000
 69.100000
 72.240000
 75.380000
 78.520000
 81.660000
 84.800000
 87.940000
 91.080000
 94.220000
 97.360000
100.500000
103.640000
106.780000
109.920000
113.060000
116.200000
119.340000
122.480000
125.620000
128.760000
131.900000
135.040000
138.180000
141.320000
144.460000
147.600000
150.740000
153.880000
157.020000
160.160000
163.300000
166.440000
169.580000
172.720000
175.860000
178.400000
179.000000
179.000000
179.000000
179.000000
179.000000
179.000000
179.000000
179.000000
179.000000
179.000000
179.000000
179.000000
179.000000
179.000000
179.000000
179.000000
179.000000
179.000000
179.000000
179.000000
179.000000
179.000000
179.000000
179.000000
179.000000
179.000000
179.000000
179.000000
179.000000
179.000000
179.000000
179.000000
179.000000
179.000000
179.000000
179.000000
179.000000
179.000000
179.000000
179.000000
179.000000
179.000000
179.000000
179.000000
179.000000
179.000000
179.000000
179.000000
179.000000
178.400000
175.860000
172.720000
169.580000
166.440000
163.300000
160.160000
157.020000
153.880000
150.740000
147.600000
144.460000
141.320000
138.180000
135.040000
131.900000
128.760000
125.620000
122.480000
119.340000
116.200000
113.060000
109.920000
106.780000
103.640000
100.500000
 97.360000
 94.220000
 91.080000
 87.940000
 84.800000
 81.660000
 78.520000
 75.380000
 72.240000
 69.100000
 65.960000
 62.820000
 59.680000
 56.540000
 53.400000
 50.260000
 47.120000
 43.980000
 40.840000
 37.700000
 34.560000
 31.420000
 28.280000
 25.140000
 22.600000
 22.000000
 22.000000
 22.000000
 22.000000
 22.000000
 22.000000
 22.000000
 22.000000
 22.000000
 22.000000
 22.000000
 22.000000
 22.000000
 22.000000
 22.000000
 22.000000
 22.000000
 22.000000
 22.000000
 22.000000
 22.000000
 22.000000
 22.000000
 22.000000
 22.000000
 22.000000
 22.000000
 22.000000
 22.000000
 22.000000
 22.000000
 22.000000
 22.000000
 22.000000
 22.000000
 22.000000
 22.000000
 22.000000
 22.000000
 22.000000
 22.000000
 22.000000
 22.000000
 22.000000
 22.000000
 22.000000
 22.000000
 22.000000
 22.000000
 22.000000
 22.000000
 22.000000
 22.000000
 22.000000
 22.000000
 22.000000
 22.000000
 22.000000
 22.000000
 22.000000
 22.000000
 22.000000
 22.000000
 22.000000
 22.000000
 22.000000
 22.000000
 22.000000
 22.000000
 22.000000
 22.000000
 22.000000
 22.000000
 22.000000
 22.000000
 22.000000
 22.000000
 22.000000
 22.000000
 22.000000
 22.000000
 22.000000
 22.000000
 22.000000
 22.000000
 22.000000
 22.000000
 22.000000
 22.000000
 22.000000
 22.000000
 22.000000
 22.000000
 22.000000
 22.000000
 22.000000
 22.000000
 22.000000
 22.000000
 22.000000
 22.600000
 25.140000
 28.280000
 31.420000
 34.560000
 37.700000
 40.840000
 43.980000
 47.120000
 50.260000
 53.400000
 56.540000
 59.680000
 62.820000
 65.960000
 69.100000
 72.240000
 75.380000
 78.520000
 81.660000
 84.800000
 87.940000
 91.080000
 94.220000
 97.360000
100.500000
103.640000
106.780000
109.920000
113.060000
116.200000
119.340000
122.480000
125.620000
128.760000
131.900000
135.040000
138.180000
141.320000
144.460000
147.600000
150.740000
153.880000
157.020000
160.160000
163.300000
166.440000
169.580000
172.720000
175.860000
178.400000
179.000000
179.000000
179.000000
179.000000
179.000000
179.000000
179.000000
179.000000
179.000000
179.000000
179.000000
179.000000
179.000000
179.000000
179.000000
179.000000
179.000000
179.000000
179.000000
179.000000
179.000000
179.000000
179.000000
179.000000
179.000000
179.000000
179.000000
179.000000
179.000000
179.000000
179.000000
179.000000
179.000000
179.000000
179.000000
179.000000
179.000000
179.000000
179.000000
179.000000
179.000000
179.000000
179.000000
179.000000
179.000000
179.000000
179.000000
179.000000
179.000000
178.400000
175.860000
172.720000
169.580000
166.440000
163.300000
160.160000
157.020000
153.880000
150.740000
147.600000
144.460000
141.320000
138.180000
135.040000
131.900000
128.760000
125.620000
122.480000
119.340000
116.200000
113.060000
109.920000
106.780000
103.640000
100.500000
 97.360000
 94.220000
 91.080000
 87.940000
 84.800000
 81.660000
 78.520000
 75.380000
 72.240000
 69.100000
 65.960000
 62.820000
 59.680000
 56.540000
 53.400000
 50.260000
 47.120000
 43.980000
 40.840000
 37.700000
 34.560000
 31.420000
 28.280000
 25.140000
 22.000000
