 17.000000
 20.880000
 24.808000
 28.912000
 33.016000
 37.320000
 41.280000
 45.328000
 49.432000
 53.536000
 57.640000
 61.680000
 65.648000
 69.752000
 73.856000
 78.160000
 80.832000
 82.184000
 83.368000
 84.744000
 86.040000
 87.296000
 88.472000
 89.648000
 90.848000
 92.400000
 93.576000
 94.752000
 96.056000
 97.304000
 98.480000
 99.912000
101.000000
101.816000
103.168000
104.360000
105.536000
106.712000
107.976000
109.464000
110.640000
111.832000
113.184000
114.368000
115.544000
116.720000
117.992000
119.272000
120.496000
124.120000
128.400000
132.504000
136.608000
140.640000
144.616000
148.920000
153.024000
157.128000
161.040000
165.136000
169.440000
173.544000
177.560000
181.552000
182.608000
180.120000
177.968000
175.816000
173.296000
171.112000
168.960000
166.512000
164.256000
162.104000
159.728000
157.600000
155.272000
152.896000
150.744000
148.488000
146.040000
143.888000
143.232000
145.224000
147.752000
149.720000
152.072000
154.424000
156.464000
158.928000
161.080000
163.248000
165.776000
167.936000
170.088000
172.560000
174.592000
176.944000
179.296000
181.272000
183.200000
180.120000
176.192000
172.088000
167.984000
163.880000
159.720000
155.672000
151.568000
147.464000
143.360000
139.320000
135.352000
131.248000
127.144000
122.840000
120.168000
118.816000
117.632000
116.256000
114.960000
113.704000
112.528000
111.352000
110.152000
108.600000
107.424000
106.248000
104.944000
103.696000
102.520000
101.088000
100.000000
 99.184000
 97.832000
 96.640000
 95.464000
 94.288000
 93.024000
 91.736000
 90.360000
 89.168000
 87.816000
 86.632000
 85.456000
 84.280000
 83.008000
 81.728000
 80.504000
 76.880000
 72.600000
 68.496000
 64.392000
 60.360000
 56.384000
 52.080000
 47.976000
 43.872000
 39.960000
 35.864000
 31.560000
 27.456000
 23.440000
 19.448000
 18.392000
 20.880000
 23.032000
 25.184000
 27.704000
 29.888000
 32.040000
 34.488000
 36.744000
 38.896000
 41.272000
 43.400000
 45.728000
 48.104000
 50.256000
 52.512000
 54.960000
 57.112000
 57.768000
 55.776000
 53.248000
 51.280000
 48.928000
 46.576000
 44.536000
 42.072000
 39.920000
 37.752000
 35.224000
 33.064000
 30.912000
 28.440000
 26.408000
 24.056000
 21.704000
 19.728000
 17.000000
 52.000000
 53.000000
 53.952000
 54.728000
 55.504000
 56.080000
 57.000000
 57.832000
 58.608000
 59.384000
 60.160000
 61.000000
 61.912000
 62.688000
 63.464000
 63.960000
 61.752000
 58.224000
 54.528000
 51.024000
 47.440000
 43.816000
 40.112000
 36.408000
 32.728000
 29.400000
 25.696000
 21.992000
 18.416000
 14.784000
 11.080000
  7.632000
  5.232000
  8.224000
 11.752000
 15.440000
 19.144000
 22.848000
 26.464000
 29.856000
 33.560000
 37.248000
 40.776000
 44.472000
 48.176000
 51.880000
 55.488000
 59.088000
 62.744000
 64.000000
 63.400000
 62.624000
 61.848000
 61.000000
 60.096000
 59.520000
 58.744000
 57.968000
 57.000000
 56.216000
 55.640000
 54.864000
 54.000000
 53.112000
 53.928000
 56.320000
 59.048000
 61.776000
 64.136000
 66.832000
 69.560000
 71.992000
 74.616000
 77.344000
 79.848000
 82.600000
 85.152000
 87.656000
 90.384000
 93.008000
 95.440000
 98.168000
101.928000
104.816000
107.168000
110.080000
112.608000
115.136000
117.976000
120.392000
123.120000
125.832000
128.184000
130.904000
133.632000
136.040000
138.888000
141.416000
143.944000
146.848000
148.600000
148.000000
147.048000
146.272000
145.496000
144.720000
144.000000
143.168000
142.392000
141.616000
140.840000
140.000000
139.088000
138.312000
137.536000
137.040000
139.248000
142.776000
146.472000
149.976000
153.560000
157.184000
160.888000
164.592000
168.272000
171.600000
175.304000
179.008000
182.584000
186.216000
189.920000
193.368000
195.768000
192.776000
189.248000
185.560000
181.856000
178.152000
174.536000
170.944000
167.440000
163.752000
160.224000
156.528000
152.824000
149.120000
145.512000
141.912000
138.256000
137.000000
137.600000
138.376000
139.152000
140.000000
140.904000
141.480000
142.256000
143.032000
144.000000
144.784000
145.360000
146.136000
147.000000
147.888000
147.072000
144.680000
141.952000
139.224000
136.864000
134.168000
131.440000
129.008000
126.384000
123.656000
121.152000
118.400000
115.848000
113.344000
110.616000
107.992000
105.560000
102.832000
 99.072000
 96.184000
 93.832000
 90.920000
 88.392000
 85.864000
 83.024000
 80.608000
 77.880000
 75.168000
 72.816000
 70.096000
 67.368000
 64.960000
 62.112000
 59.584000
 57.056000
 54.152000
 52.000000
