  9.000000
 12.420000
 15.840000
 19.260000
 22.680000
 26.100000
 29.520000
 32.940000
 36.360000
 39.780000
 43.200000
 46.620000
 50.040000
 53.460000
 56.880000
 60.300000
 63.720000
 67.140000
 70.560000
 73.980000
 77.400000
 80.820000
 84.240000
 87.660000
 91.080000
 94.500000
 97.920000
101.340000
104.760000
108.180000
111.600000
115.020000
118.440000
121.860000
125.280000
128.700000
132.120000
135.540000
138.960000
142.380000
145.800000
149.220000
152.640000
156.060000
159.480000
162.900000
166.320000
169.740000
173.160000
176.580000
180.000000
183.420000
186.840000
190.008000
191.200000
190.360000
189.192000
187.824000
186.528000
185.444000
184.120000
182.752000
181.592000
180.416000
179.048000
177.880000
176.712000
175.344000
174.176000
173.008000
171.640000
170.436000
169.304000
167.936000
166.584000
165.400000
164.032000
162.864000
161.696000
160.328000
159.160000
157.992000
156.624000
155.428000
154.288000
152.920000
151.576000
150.492000
149.216000
147.848000
146.680000
145.512000
144.144000
142.976000
141.808000
140.440000
139.272000
138.104000
136.736000
135.484000
134.400000
133.032000
131.664000
130.548000
129.328000
127.960000
126.792000
125.624000
124.256000
123.088000
121.920000
120.552000
119.384000
118.016000
116.648000
115.540000
114.312000
112.944000
111.776000
110.608000
109.240000
108.072000
106.904000
105.536000
104.368000
103.200000
101.832000
100.732000
 99.696000
 98.328000
 97.160000
 95.992000
 94.624000
 93.428000
 92.088000
 90.720000
 89.576000
 88.384000
 87.016000
 85.848000
 84.680000
 83.312000
 82.144000
 80.776000
 79.504000
 78.420000
 77.072000
 75.704000
 74.536000
 73.168000
 72.000000
 70.832000
 69.464000
 68.296000
 66.928000
 65.580000
 64.496000
 63.224000
 61.856000
 60.688000
 59.520000
 58.152000
 56.984000
 55.616000
 54.424000
 53.280000
 51.912000
 50.572000
 49.376000
 48.008000
 46.840000
 45.672000
 44.304000
 43.136000
 41.768000
 40.500000
 39.416000
 38.064000
 36.696000
 35.564000
 34.360000
 32.992000
 31.824000
 30.456000
 29.288000
 28.120000
 26.752000
 25.492000
 24.216000
 22.848000
 21.680000
 20.512000
 19.144000
 17.976000
 16.608000
 15.420000
 14.272000
 12.904000
 11.568000
 10.368000
  9.000000
 28.000000
 28.000000
 28.000000
 28.000000
 28.000000
 28.000000
 28.000000
 28.000000
 28.000000
 28.000000
 28.000000
 28.000000
 28.000000
 28.000000
 28.000000
 28.000000
 28.000000
 28.000000
 28.000000
 28.000000
 28.000000
 28.000000
 28.000000
 28.000000
 28.000000
 28.000000
 28.000000
 28.000000
 28.000000
 28.000000
 28.000000
 28.000000
 28.000000
 28.000000
 28.000000
 28.000000
 28.000000
 28.000000
 28.000000
 28.000000
 28.000000
 28.000000
 28.000000
 28.000000
 28.000000
 28.000000
 28.000000
 28.000000
 28.000000
 28.000000
 28.000000
 28.000000
 28.000000
 27.748000
 27.536000
 29.460000
 31.712000
 33.764000
 35.888000
 38.224000
 40.320000
 42.372000
 44.632000
 46.876000
 48.928000
 51.180000
 53.432000
 55.484000
 57.736000
 59.988000
 62.040000
 64.256000
 66.544000
 68.596000
 70.664000
 72.900000
 74.952000
 77.204000
 79.456000
 81.508000
 83.760000
 86.012000
 88.064000
 90.288000
 92.568000
 94.620000
 96.696000
 99.032000
101.176000
103.228000
105.480000
107.732000
109.784000
112.036000
114.288000
116.340000
118.592000
120.844000
122.896000
125.064000
127.400000
129.452000
131.504000
133.808000
136.008000
138.060000
140.312000
142.564000
144.616000
146.868000
149.120000
151.172000
153.424000
155.476000
157.528000
159.840000
162.032000
164.084000
166.336000
168.588000
170.640000
172.892000
175.144000
177.196000
179.448000
181.700000
183.752000
185.000000
183.544000
181.492000
179.240000
176.988000
174.936000
172.712000
170.632000
168.580000
166.304000
164.076000
162.024000
159.772000
157.520000
155.468000
153.216000
151.164000
149.016000
146.680000
144.608000
142.556000
140.304000
138.252000
136.000000
133.748000
131.696000
129.444000
127.392000
125.320000
122.984000
120.836000
118.784000
116.532000
114.280000
112.228000
109.976000
107.924000
105.696000
103.420000
101.368000
 99.288000
 97.064000
 95.012000
 92.760000
 90.508000
 88.456000
 86.204000
 84.152000
 82.000000
 79.664000
 77.596000
 75.544000
 73.256000
 71.040000
 68.988000
 66.736000
 64.684000
 62.432000
 60.180000
 58.128000
 55.968000
 53.824000
 51.772000
 49.520000
 47.268000
 45.216000
 42.964000
 40.912000
 38.680000
 36.408000
 34.356000
 32.272000
 30.052000
 28.000000
