 40.000000
 40.892000
 41.000000
 41.076000
 41.568000
 42.060000
 42.552000
 43.244000
 43.736000
 44.428000
 45.040000
 45.624000
 46.504000
 47.392000
 48.176000
 49.160000
 50.144000
 51.128000
 52.112000
 53.096000
 54.320000
 55.596000
 56.648000
 57.632000
 58.824000
 60.300000
 61.776000
 62.968000
 64.152000
 65.604000
 67.080000
 68.556000
 70.032000
 71.508000
 73.112000
 74.680000
 76.336000
 78.212000
 79.984000
 81.764000
 83.720000
 85.488000
 87.456000
 89.424000
 91.392000
 93.700000
 96.160000
 98.296000
100.264000
102.432000
104.400000
106.460000
108.920000
111.304000
113.272000
115.240000
117.208000
118.976000
120.944000
122.712000
124.560000
126.436000
128.016000
129.588000
131.264000
132.740000
134.216000
135.692000
137.168000
138.644000
139.880000
141.064000
142.472000
143.948000
145.216000
146.200000
147.184000
148.452000
149.728000
150.736000
151.720000
152.704000
153.688000
154.672000
155.528000
156.420000
157.224000
157.808000
158.496000
159.176000
159.680000
160.372000
160.864000
161.356000
161.848000
162.000000
162.032000
162.524000
163.000000
163.000000
162.600000
162.108000
162.000000
161.924000
161.432000
160.940000
160.448000
159.756000
159.264000
158.572000
157.960000
157.376000
156.496000
155.608000
154.824000
153.840000
152.856000
151.872000
150.888000
149.904000
148.680000
147.536000
146.552000
145.452000
144.176000
142.700000
141.224000
140.032000
138.848000
137.396000
135.920000
134.444000
132.968000
131.492000
129.888000
128.320000
126.664000
124.788000
123.016000
121.236000
119.280000
117.512000
115.544000
113.576000
111.608000
109.300000
106.840000
104.504000
102.536000
100.768000
 98.800000
 96.540000
 94.080000
 91.696000
 89.728000
 87.760000
 85.792000
 84.024000
 82.056000
 80.288000
 78.440000
 76.564000
 74.984000
 73.412000
 71.736000
 70.260000
 68.784000
 67.308000
 65.832000
 64.356000
 63.120000
 61.936000
 60.528000
 59.052000
 57.784000
 56.800000
 55.816000
 54.548000
 53.272000
 52.264000
 51.280000
 50.296000
 49.312000
 48.328000
 47.472000
 46.580000
 45.776000
 45.192000
 44.504000
 43.824000
 43.320000
 42.628000
 42.136000
 41.644000
 41.152000
 41.000000
 40.968000
 40.476000
 40.000000
 40.000000
 40.000000
 96.000000
 94.432000
 92.080000
 89.696000
 87.728000
 85.760000
 83.792000
 82.024000
 80.056000
 78.288000
 76.440000
 74.564000
 72.984000
 71.412000
 69.736000
 68.260000
 66.784000
 65.308000
 63.832000
 62.356000
 61.120000
 59.936000
 58.528000
 57.052000
 55.784000
 54.800000
 53.816000
 52.548000
 51.272000
 50.264000
 49.280000
 48.296000
 47.312000
 46.328000
 45.472000
 44.580000
 43.776000
 43.192000
 42.504000
 41.824000
 41.320000
 40.628000
 40.136000
 39.644000
 39.152000
 39.000000
 39.000000
 38.676000
 38.184000
 38.108000
 38.600000
 39.000000
 39.000000
 39.076000
 39.568000
 40.060000
 40.552000
 41.244000
 41.736000
 42.428000
 43.040000
 43.624000
 44.504000
 45.392000
 46.176000
 47.160000
 48.144000
 49.128000
 50.112000
 51.096000
 52.320000
 53.596000
 54.648000
 55.632000
 56.824000
 58.300000
 59.776000
 60.968000
 62.152000
 63.604000
 65.080000
 66.556000
 68.032000
 69.508000
 71.112000
 72.680000
 74.336000
 76.212000
 77.984000
 79.764000
 81.720000
 83.488000
 85.456000
 87.424000
 89.392000
 91.700000
 94.128000
 96.096000
 98.080000
100.540000
102.600000
104.568000
106.920000
109.304000
111.272000
113.240000
115.208000
116.976000
118.944000
120.712000
122.560000
124.436000
126.016000
127.588000
129.264000
130.740000
132.216000
133.692000
135.168000
136.644000
137.880000
139.196000
140.672000
142.032000
143.216000
144.200000
145.184000
146.452000
147.728000
148.736000
149.720000
150.704000
151.688000
152.672000
153.528000
154.420000
155.224000
155.808000
156.496000
157.176000
157.680000
158.372000
158.864000
159.356000
159.848000
160.000000
160.000000
160.124000
160.616000
160.692000
160.200000
160.000000
160.000000
159.924000
159.432000
158.940000
158.448000
157.756000
157.264000
156.572000
155.960000
155.376000
154.496000
153.608000
152.824000
151.840000
150.856000
149.872000
148.888000
147.904000
146.680000
145.404000
144.352000
143.368000
142.176000
140.700000
139.224000
138.032000
136.848000
135.396000
133.920000
132.444000
130.968000
129.492000
127.888000
126.320000
124.664000
122.788000
121.016000
119.236000
117.280000
115.512000
113.544000
111.576000
109.608000
107.300000
104.872000
102.904000
100.920000
 98.460000
 96.000000
