 41.000000
 42.652000
 44.156000
 46.912000
 50.520000
 54.120000
 57.780000
 61.528000
 65.040000
 68.936000
 72.300000
 76.144000
 79.560000
 83.552000
 86.856000
 90.760000
 91.168000
 89.116000
 87.064000
 85.012000
 82.640000
 80.362000
 78.284000
 76.206000
 74.152000
 72.100000
 70.048000
 67.996000
 65.616000
 63.338000
 61.260000
 59.188000
 57.136000
 56.716000
 57.968000
 59.530000
 61.808000
 64.124000
 66.564000
 68.842000
 71.320000
 74.330000
 78.368000
 80.518000
 81.888000
 83.340000
 84.596000
 86.044000
 87.448000
 88.674000
 89.800000
 91.252000
 92.552000
 93.956000
 95.404000
 96.660000
 97.912000
 99.164000
100.816000
102.868000
104.320000
105.586000
107.024000
108.238000
109.464000
110.780000
112.232000
113.542000
114.768000
115.988000
117.420000
118.692000
120.144000
121.298000
123.172000
126.750000
130.304000
132.804000
135.084000
137.562000
139.960000
142.318000
144.064000
145.116000
145.216000
143.180000
141.128000
139.076000
136.736000
134.458000
132.380000
130.302000
128.224000
126.164000
124.112000
122.060000
119.912000
117.434000
115.356000
113.278000
111.400000
112.304000
116.208000
119.512000
123.520000
126.920000
130.780000
134.128000
138.032000
141.336000
145.300000
148.744000
152.560000
155.952000
158.328000
159.590000
160.400000
159.758000
158.732000
157.706000
156.680000
155.654000
153.684000
151.206000
148.952000
146.850000
144.096000
141.294000
138.816000
136.138000
133.460000
130.782000
128.272000
125.426000
122.948000
120.270000
117.592000
114.914000
112.436000
109.544000
107.160000
107.266000
108.000000
108.718000
109.344000
110.000000
110.596000
111.222000
112.000000
112.674000
113.300000
114.000000
114.552000
114.822000
113.192000
110.910000
107.720000
103.590000
 99.460000
 95.330000
 91.560000
 89.242000
 86.776000
 86.438000
 87.064000
 87.890000
 88.516000
 89.142000
 89.968000
 90.594000
 91.220000
 92.000000
 92.672000
 93.298000
 94.000000
 94.750000
 94.448000
 91.594000
 88.916000
 86.438000
 83.760000
 80.976000
 78.204000
 75.726000
 73.048000
 70.360000
 67.492000
 65.014000
 62.336000
 59.658000
 56.840000
 54.102000
 52.016000
 49.746000
 47.268000
 45.530000
 44.504000
 43.478000
 42.652000
 41.626000
 41.000000
109.000000
106.522000
103.896000
102.522000
102.000000
101.470000
101.000000
100.618000
100.000000
 99.766000
 99.000000
 98.714000
 98.000000
 97.862000
 97.036000
 96.810000
 94.752000
 92.674000
 90.596000
 88.518000
 86.760000
 84.908000
 82.856000
 80.804000
 78.728000
 76.650000
 74.572000
 72.494000
 70.744000
 68.892000
 66.840000
 64.782000
 62.704000
 60.426000
 57.548000
 54.980000
 53.128000
 51.314000
 49.624000
 47.772000
 46.120000
 45.000000
 45.092000
 47.072000
 49.832000
 52.510000
 55.384000
 58.066000
 60.792000
 63.696000
 66.700000
 69.378000
 72.208000
 74.934000
 77.616000
 80.490000
 83.368000
 86.246000
 88.508000
 87.198000
 84.520000
 81.656000
 78.964000
 76.048000
 73.144000
 70.330000
 67.652000
 64.832000
 61.928000
 59.018000
 56.320000
 53.462000
 50.784000
 47.808000
 45.552000
 45.000000
 45.576000
 47.206000
 49.056000
 50.708000
 52.440000
 54.212000
 56.596000
 59.674000
 62.168000
 64.230000
 66.308000
 68.386000
 70.176000
 72.028000
 74.080000
 76.132000
 78.184000
 80.254000
 82.332000
 84.410000
 86.392000
 88.044000
 90.096000
 92.148000
 94.400000
 96.826000
 97.052000
 97.878000
 98.000000
 98.730000
 99.000000
 99.782000
100.008000
100.834000
101.000000
101.686000
102.000000
102.738000
104.492000
107.360000
110.248000
112.968000
116.072000
119.176000
122.280000
125.384000
127.544000
129.196000
130.176000
128.900000
127.524000
126.196000
124.544000
123.092000
121.640000
120.188000
118.568000
117.284000
115.632000
114.180000
112.728000
111.276000
109.624000
108.386000
109.360000
113.064000
116.460000
119.872000
123.376000
126.850000
130.384000
133.888000
137.240000
140.696000
144.200000
147.630000
151.208000
154.712000
157.212000
159.060000
160.000000
160.000000
160.000000
160.000000
159.640000
157.828000
156.164000
153.248000
149.744000
146.440000
142.936000
139.432000
136.128000
132.624000
129.120000
125.770000
122.312000
118.808000
115.380000
112.000000
108.672000
108.604000
110.056000
111.708000
113.160000
114.506000
115.864000
117.516000
118.968000
120.410000
121.672000
123.324000
124.776000
126.228000
127.540000
128.932000
130.192000
129.164000
127.512000
125.120000
122.016000
118.912000
115.608000
112.504000
109.000000
