    -0.81944
   -0.864907
   -0.910718
   -0.956885
    -1.00342
    -1.05034
    -1.09765
    -1.14537
    -1.19349
    -1.24203
    -1.58885
    -1.63153
    -1.67453
    -1.71783
    -1.76148
    -1.80546
    -1.84982
    -1.89454
    -1.93966
    -1.98517
    -3.00148
    -3.03944
    -3.07764
    -3.11611
    -3.15485
    -3.19388
    -3.23321
    -3.27288
    -3.31288
    -3.35324
     -5.6833
     -5.7182
    -5.75329
    -5.78857
    -5.82407
    -5.85981
     -5.8958
    -5.93206
    -5.96861
    -6.00546
    -8.78572
    -8.82006
    -8.85453
    -8.88914
    -8.92393
    -8.95889
    -8.99405
     -9.0294
    -9.06496
    -9.10072
    -11.8656
    -11.9022
     -11.939
    -11.9758
    -12.0127
    -12.0497
    -12.0869
    -12.1241
    -12.1614
    -12.1987
    -14.9911
    -15.0328
    -15.0746
    -15.1164
    -15.1582
    -15.2001
    -15.2419
    -15.2836
    -15.3253
    -15.3668
    -17.9913
    -18.0409
    -18.0904
    -18.1398
    -18.1892
    -18.2385
    -18.2876
    -18.3365
    -18.3851
    -18.4332
     -20.942
     -21.002
    -21.0619
    -21.1218
    -21.1814
    -21.2408
    -21.2999
    -21.3585
    -21.4166
    -21.4739
    -24.0597
    -24.1334
     -24.207
    -24.2803
    -24.3534
    -24.4261
    -24.4982
    -24.5698
    -24.6404
      -24.71
    -26.7186
    -26.8075
    -26.8962
    -26.9846
    -27.0727
    -27.1603
    -27.2472
    -27.3331
     -27.418
    -27.5013
    -29.8644
    -29.9723
    -30.0799
    -30.1873
    -30.2942
    -30.4005
    -30.5059
    -30.6101
    -30.7129
    -30.8137
    -32.2897
    -32.4161
    -32.5424
    -32.6684
    -32.7939
    -32.9187
    -33.0426
    -33.1651
    -33.2858
    -33.4044
    -35.2684
    -35.4162
    -35.5639
    -35.7114
    -35.8585
    -36.0049
    -36.1503
    -36.2944
    -36.4365
    -36.5761
    -37.6799
     -37.846
    -38.0122
    -38.1786
    -38.3447
    -38.5105
    -38.6755
    -38.8393
    -39.0015
    -39.1613
    -40.5008
    -40.6836
    -40.8668
    -41.0503
    -41.2339
    -41.4175
    -41.6007
     -41.783
    -41.9641
    -42.1433
     -39.942
    -40.1204
    -40.2994
     -40.479
    -40.6589
    -40.8391
    -41.0192
     -41.199
    -41.3781
     -41.556
    -37.0091
    -37.1681
    -37.3278
     -37.488
    -37.6487
    -37.8097
    -37.9709
     -38.132
    -38.2929
    -38.4532
    -34.0844
    -34.2228
    -34.3617
    -34.5013
    -34.6413
    -34.7816
    -34.9223
    -35.0631
    -35.2039
    -35.3444
    -31.1562
    -31.2748
     -31.394
    -31.5137
    -31.6338
    -31.7543
    -31.8751
    -31.9961
    -32.1172
    -32.2383
    -27.6726
    -27.7713
    -27.8704
      -27.97
    -28.0699
    -28.1701
    -28.2706
    -28.3714
    -28.4723
    -28.5733
     -24.223
    -24.3038
     -24.385
    -24.4665
    -24.5483
    -24.6304
    -24.7128
    -24.7953
     -24.878
    -24.9608
    -21.1818
    -21.2481
    -21.3146
    -21.3814
    -21.4485
    -21.5158
    -21.5832
    -21.6509
    -21.7186
    -21.7865
    -18.1984
    -18.2523
    -18.3064
    -18.3607
    -18.4152
    -18.4698
    -18.5247
    -18.5796
    -18.6347
    -18.6898
    -15.0243
    -15.0674
    -15.1107
    -15.1541
    -15.1977
    -15.2414
    -15.2852
     -15.329
     -15.373
    -15.4169
    -11.5648
    -11.5982
    -11.6318
    -11.6654
    -11.6991
     -11.733
    -11.7669
    -11.8008
    -11.8348
    -11.8688
    -8.09862
    -8.12368
    -8.14885
    -8.17414
    -8.19955
    -8.22504
    -8.25063
    -8.27629
    -8.30201
    -8.32777
     -4.9046
    -4.92324
    -4.94204
      -4.961
    -4.98012
     -4.9994
    -5.01883
    -5.03841
    -5.05813
    -5.07799
     -1.3879
    -1.40062
    -1.41361
    -1.42687
    -1.44041
    -1.45425
    -1.46839
    -1.48284
    -1.49761
     -1.5127
     2.29773
     2.29049
     2.28281
     2.27467
     2.26605
     2.25691
     2.24723
     2.23698
     2.22614
     2.21468
     5.81421
     5.81152
     5.80815
     5.80407
     5.79922
     5.79356
     5.78704
      5.7796
     5.77119
     5.76177
     9.32952
     9.33079
     9.33107
     9.33028
     9.32836
     9.32522
     9.32079
     9.31498
     9.30772
     9.29892
     12.8276
     12.8327
     12.8364
     12.8385
     12.8391
      12.838
     12.8351
     12.8302
     12.8233
     12.8142
     14.7086
     14.7158
     14.7214
     14.7251
     14.7269
     14.7267
     14.7242
     14.7194
     14.7121
     14.7021
     15.0593
     15.0669
     15.0727
     15.0767
     15.0786
     15.0783
     15.0756
     15.0704
     15.0624
     15.0516
     15.0645
     15.0727
      15.079
     15.0834
     15.0857
     15.0858
     15.0833
     15.0783
     15.0703
     15.0593
     14.4444
      14.453
     14.4598
     14.4648
     14.4676
     14.4682
     14.4664
     14.4618
     14.4544
     14.4438
     14.0041
     14.0134
     14.0211
     14.0268
     14.0306
     14.0321
     14.0311
     14.0275
     14.0209
     14.0111
     13.3346
     13.3448
     13.3533
     13.3601
     13.3649
     13.3677
     13.3681
     13.3659
     13.3608
     13.3526
     12.8287
     12.8401
     12.8501
     12.8586
     12.8653
     12.8703
     12.8731
     12.8737
     12.8717
     12.8669
     12.2981
     12.3105
     12.3217
     12.3317
     12.3403
     12.3474
     12.3529
     12.3565
     12.3581
     12.3575
     11.0597
     11.0713
     11.0821
     11.0919
     11.1007
     11.1083
     11.1147
     11.1197
     11.1233
     11.1251
     9.00435
     9.01407
     9.02317
     9.03162
     9.03934
     9.04627
     9.05235
     9.05747
     9.06156
     9.06451
      8.8178
     8.82889
     8.83945
     8.84942
     8.85876
      8.8674
     8.87529
     8.88235
      8.8885
     8.89364
     9.40543
     9.41871
     9.43147
     9.44367
     9.45527
      9.4662
      9.4764
     9.48581
     9.49433
     9.50189
     10.2526
     10.2676
     10.2822
     10.2962
     10.3096
     10.3223
     10.3343
     10.3455
     10.3559
     10.3653
     11.4472
      11.464
     11.4803
      11.496
      11.511
     11.5254
      11.539
     11.5517
     11.5636
     11.5744
      12.134
     12.1513
     12.1681
     12.1843
     12.1998
     12.2145
     12.2284
     12.2415
     12.2536
     12.2646
     12.6991
     12.7167
     12.7337
       12.75
     12.7655
     12.7802
      12.794
     12.8068
     12.8185
      12.829
     13.6391
     13.6575
     13.6751
     13.6919
     13.7078
     13.7227
     13.7366
     13.7493
     13.7607
     13.7707
     14.4818
     14.5007
     14.5188
     14.5358
     14.5518
     14.5665
     14.5799
     14.5919
     14.6023
      14.611
     15.0916
     15.1114
       15.13
     15.1474
     15.1634
     15.1778
     15.1906
     15.2016
     15.2106
     15.2175
     16.2421
     16.2648
      16.286
     16.3056
     16.3233
     16.3392
     16.3529
     16.3643
     16.3731
     16.3793
     17.2052
      17.232
     17.2569
       17.28
     17.3008
     17.3194
     17.3354
     17.3486
     17.3587
     17.3656
     17.7033
     17.7347
     17.7642
     17.7915
     17.8165
      17.839
     17.8586
     17.8751
     17.8883
     17.8977
     18.3813
     18.4191
      18.455
     18.4886
     18.5198
     18.5483
     18.5738
     18.5961
     18.6147
     18.6293
     19.0532
     19.0988
     19.1425
      19.184
     19.2232
     19.2598
     19.2934
     19.3237
     19.3504
      19.373
     19.5219
     19.5754
     19.6273
     19.6772
      19.725
     19.7704
     19.8132
     19.8528
     19.8891
     19.9215
      19.796
      19.856
     19.9147
     19.9717
     20.0269
     20.0802
     20.1311
     20.1795
     20.2249
      20.267
     19.4969
      19.558
      19.618
     19.6768
     19.7342
     19.7901
     19.8442
     19.8963
     19.9462
     19.9935
      19.886
     19.9464
     20.0061
     20.0648
     20.1224
     20.1788
     20.2339
     20.2874
     20.3392
      20.389
     20.4955
     20.5545
     20.6128
     20.6703
     20.7269
     20.7826
     20.8372
     20.8905
     20.9425
     20.9928
      20.651
     20.7067
     20.7618
     20.8162
     20.8698
     20.9226
     20.9745
     21.0254
     21.0751
     21.1234
     21.0257
     21.0781
     21.1299
     21.1811
     21.2316
     21.2814
     21.3302
     21.3781
     21.4249
     21.4704
     21.4908
     21.5406
     21.5898
     21.6384
     21.6862
     21.7333
     21.7795
     21.8247
     21.8688
     21.9117
     21.6672
     21.7143
     21.7609
     21.8068
      21.852
     21.8964
       21.94
     21.9826
      22.024
     22.0642
     21.7048
     21.7499
     21.7945
     21.8385
     21.8817
     21.9241
     21.9656
     22.0061
     22.0454
     22.0835
     21.8779
     21.9224
     21.9663
     22.0094
     22.0518
     22.0933
     22.1338
     22.1733
     22.2115
     22.2484
     22.1281
     22.1734
     22.2179
     22.2616
     22.3044
     22.3462
      22.387
     22.4265
     22.4647
     22.5014
     22.3783
     22.4255
     22.4719
     22.5174
     22.5618
     22.6051
     22.6472
     22.6879
      22.727
     22.7643
     22.1766
     22.2261
     22.2747
     22.3222
     22.3685
     22.4135
     22.4571
     22.4992
     22.5394
     22.5776
     22.0738
     22.1275
     22.1801
     22.2314
     22.2814
     22.3299
     22.3767
     22.4216
     22.4644
     22.5048
     22.0049
     22.0647
     22.1233
     22.1805
     22.2362
       22.29
     22.3419
     22.3916
     22.4388
     22.4831
     22.2904
     22.3587
     22.4255
     22.4907
      22.554
     22.6153
     22.6742
     22.7305
     22.7838
     22.8335
     21.6585
     21.7333
     21.8066
     21.8781
     21.9477
      22.015
     22.0798
     22.1416
     22.2001
     22.2548
     19.0665
     19.1424
      19.217
       19.29
     19.3613
     19.4305
     19.4974
     19.5617
      19.623
     19.6807
     16.5143
     16.5873
     16.6592
     16.7298
     16.7991
     16.8668
     16.9326
     16.9964
     17.0577
     17.1162
       15.31
      15.377
     15.4431
     15.5084
     15.5725
     15.6354
      15.697
     15.7569
      15.815
      15.871
     14.3422
     14.4016
     14.4604
     14.5184
     14.5756
     14.6319
     14.6872
     14.7412
     14.7939
     14.8449
     12.9133
     12.9647
     13.0156
      13.066
     13.1157
     13.1648
      13.213
     13.2603
     13.3066
     13.3518
     11.5383
     11.5823
     11.6258
      11.669
     11.7117
     11.7538
     11.7953
     11.8362
     11.8763
     11.9156
     10.2009
      10.238
     10.2748
     10.3112
     10.3473
     10.3831
     10.4183
     10.4531
     10.4874
      10.521
     9.46977
      9.5007
     9.53141
     9.56188
     9.59208
     9.62199
     9.65157
      9.6808
     9.70964
     9.73803
     9.42457
     9.45035
     9.47596
     9.50138
      9.5266
     9.55159
     9.57634
     9.60082
     9.62501
     9.64888
     10.1878
     10.2108
     10.2336
     10.2563
     10.2787
     10.3009
     10.3229
     10.3446
     10.3661
     10.3873
     13.0953
      13.119
     13.1425
     13.1658
     13.1888
     13.2116
      13.234
     13.2562
     13.2781
     13.2996
     15.9222
     15.9484
     15.9743
     15.9999
     16.0252
     16.0501
     16.0747
     16.0989
     16.1227
     16.1461
     18.5226
     18.5528
     18.5826
     18.6121
     18.6411
     18.6696
     18.6977
     18.7252
     18.7522
     18.7785
     21.5012
      21.538
     21.5742
     21.6099
     21.6449
     21.6793
     21.7131
      21.746
     21.7782
     21.8094
     24.4012
     24.4463
     24.4907
     24.5344
     24.5772
     24.6192
     24.6602
     24.7001
     24.7389
     24.7764
     26.9208
     26.9755
     27.0294
     27.0823
     27.1342
     27.1848
     27.2342
     27.2822
     27.3286
     27.3734
     29.6168
     29.6837
     29.7494
     29.8139
      29.877
     29.9387
     29.9986
     30.0568
     30.1129
     30.1669
     32.1089
     32.1889
     32.2676
     32.3449
     32.4206
     32.4945
     32.5664
     32.6361
     32.7034
     32.7681
     34.5775
     34.6716
     34.7643
     34.8556
     34.9451
     35.0328
     35.1183
     35.2014
     35.2818
     35.3593
     37.0334
     37.1426
     37.2504
     37.3568
     37.4615
     37.5642
     37.6648
     37.7629
     37.8582
     37.9504
     39.1531
     39.2772
        39.4
     39.5215
     39.6414
     39.7595
     39.8755
      39.989
     40.0998
     40.2074
     41.2452
      41.385
     41.5239
     41.6616
     41.7979
     41.9326
     42.0654
     42.1958
     42.3237
     42.4484
     44.1046
     44.2641
      44.423
      44.581
     44.7378
     44.8933
     45.0471
     45.1989
     45.3483
     45.4946
     46.5513
     46.7299
     46.9082
      47.086
      47.263
      47.439
     47.6137
     47.7867
     47.9578
     48.1262
     48.5384
     48.7333
     48.9282
     49.1228
      49.317
     49.5106
     49.7033
     49.8948
     50.0847
     50.2725
     49.9632
     50.1676
     50.3722
     50.5768
     50.7811
     50.9851
     51.1885
      51.391
     51.5921
     51.7914
      49.421
     49.4884
     49.5559
     49.6233
     49.6907
      49.758
     49.8252
     49.8922
     49.9589
     50.0253
     45.4569
     45.5154
     45.5738
     45.6322
     45.6906
     45.7488
      45.807
      45.865
     45.9227
     45.9802
     42.1158
     42.1672
     42.2185
     42.2697
     42.3207
     42.3716
     42.4223
     42.4728
     42.5231
      42.573
      37.662
      37.705
     37.7478
     37.7904
     37.8329
     37.8751
     37.9172
     37.9591
     38.0007
     38.0421
     33.8023
     33.8395
     33.8764
     33.9132
     33.9498
     33.9863
     34.0225
     34.0585
     34.0943
     34.1298
     29.4787
     29.5108
     29.5428
     29.5746
     29.6061
     29.6376
     29.6688
     29.6998
     29.7305
     29.7609
     25.4584
      25.487
     25.5156
      25.544
     25.5722
     25.6003
     25.6282
     25.6559
     25.6834
     25.7105
     21.0761
     21.1025
     21.1289
     21.1551
     21.1812
     21.2072
      21.233
     21.2586
      21.284
      21.309
     17.0855
     17.1112
     17.1368
     17.1624
     17.1879
     17.2133
     17.2385
     17.2636
     17.2885
     17.3132
     12.5103
     12.5362
     12.5621
      12.588
     12.6139
     12.6398
     12.6656
     12.6913
     12.7169
     12.7422
      8.4748
     8.50233
     8.52996
     8.55766
     8.58542
     8.61323
     8.64106
     8.66887
     8.69661
     8.72422
      3.7681
     3.79789
      3.8279
     3.85813
     3.88857
     3.91918
     3.94996
     3.98086
     4.01183
     4.04281
    -0.52805
   -0.495048
   -0.461683
   -0.427955
   -0.393869
   -0.359437
   -0.324679
   -0.289625
   -0.254322
   -0.218835
    -3.70704
    -3.67045
    -3.63337
    -3.59578
     -3.5577
    -3.51911
    -3.48004
     -3.4405
    -3.40052
    -3.36017
    -5.97043
     -5.9306
     -5.8902
     -5.8492
     -5.8076
    -5.76539
    -5.72258
    -5.67916
    -5.63516
    -5.59063
    -7.76784
    -7.72727
    -7.68611
    -7.64432
     -7.6019
    -7.55881
    -7.51506
    -7.47063
    -7.42553
    -7.37977
    -8.09254
    -8.05518
    -8.01724
    -7.97869
    -7.93953
    -7.89974
     -7.8593
     -7.8182
    -7.77645
    -7.73404
    -8.02376
    -7.99123
    -7.95821
    -7.92466
    -7.89057
    -7.85594
    -7.82074
    -7.78496
    -7.74861
    -7.71167
    -7.95519
    -7.92746
    -7.89929
    -7.87068
    -7.84161
    -7.81207
    -7.78204
    -7.75152
     -7.7205
    -7.68898
    -8.12771
    -8.10454
    -8.08099
    -8.05703
    -8.03266
    -8.00788
    -7.98267
    -7.95705
    -7.93099
    -7.90449
     -8.2218
    -8.20281
     -8.1835
    -8.16383
    -8.14382
    -8.12345
    -8.10272
    -8.08164
    -8.06019
    -8.03838
    -7.21592
    -7.20058
    -7.18497
     -7.1691
    -7.15295
    -7.13653
    -7.11981
    -7.10282
    -7.08553
    -7.06794
    -5.82223
    -5.80985
    -5.79727
    -5.78447
    -5.77146
    -5.75822
    -5.74476
    -5.73108
    -5.71716
    -5.70301
    -4.83074
    -4.82085
    -4.81078
    -4.80053
    -4.79009
    -4.77947
    -4.76867
    -4.75768
     -4.7465
    -4.73512
    -4.19248
    -4.18483
    -4.17701
    -4.16903
    -4.16086
    -4.15253
    -4.14401
    -4.13533
    -4.12646
    -4.11742
    -2.90676
    -2.90057
    -2.89425
    -2.88777
    -2.88115
    -2.87437
    -2.86744
    -2.86036
    -2.85312
    -2.84573
    -1.29391
    -1.28832
    -1.28262
    -1.27678
    -1.27082
    -1.26472
    -1.25849
    -1.25212
    -1.24561
    -1.23895
-0.000227599
  0.00537397
   0.0111029
   0.0169639
   0.0229616
   0.0291009
   0.0353865
   0.0418229
   0.0484145
   0.0551649
     1.22301
     1.22908
     1.23529
     1.24166
     1.24818
     1.25487
     1.26173
     1.26877
       1.276
     1.28341
     2.41971
     2.42668
     2.43383
     2.44117
     2.44871
     2.45646
     2.46443
     2.47263
     2.48107
     2.48976
     3.61374
     3.62203
     3.63057
     3.63936
     3.64842
     3.65776
      3.6674
     3.67735
     3.68761
     3.69821
     4.63791
     4.64782
     4.65807
     4.66866
     4.67962
     4.69097
     4.70272
     4.71489
     4.72749
     4.74055
     5.99594
      6.0077
      6.0199
     6.03257
     6.04573
     6.05939
     6.07359
     6.08833
     6.10363
     6.11951
     6.86044
     6.87366
     6.88742
     6.90173
     6.91663
     6.93214
     6.94829
     6.96511
      6.9826
      7.0008
     7.96055
      7.9753
     7.99064
      8.0066
     8.02321
     8.04052
     8.05854
     8.07732
     8.09689
     8.11726
     8.97406
     8.99012
     9.00681
     9.02417
     9.04223
     9.06105
     9.08065
     9.10109
      9.1224
     9.14462
     9.77013
      9.7871
     9.80473
     9.82305
     9.84212
     9.86197
     9.88267
     9.90426
     9.92681
     9.95036
     10.4708
     10.4886
     10.5071
     10.5263
     10.5463
     10.5671
     10.5888
     10.6115
     10.6352
     10.6599
     11.5778
     11.5965
     11.6159
     11.6359
     11.6567
     11.6783
     11.7008
     11.7243
     11.7487
     11.7743
     12.0123
     12.0299
     12.0481
     12.0669
     12.0864
     12.1066
     12.1276
     12.1493
     12.1721
     12.1958
      10.162
     10.1756
     10.1896
     10.2042
     10.2193
     10.2349
     10.2512
     10.2681
     10.2857
     10.3041
     7.48423
     7.49387
     7.50385
     7.51419
     7.52493
      7.5361
     7.54773
     7.55985
     7.57251
     7.58576
     4.81852
     4.82491
     4.83156
     4.83849
     4.84572
     4.85328
      4.8612
      4.8695
     4.87822
      4.8874
      2.2418
     2.24536
     2.24916
      2.2532
     2.25752
     2.26212
     2.26704
     2.27231
     2.27795
       2.284
   -0.705279
    -0.70444
   -0.703375
   -0.702066
   -0.700495
   -0.698641
   -0.696483
   -0.693996
   -0.691152
    -0.68792
    -3.74608
    -3.74764
    -3.74896
    -3.75004
    -3.75084
    -3.75136
    -3.75157
    -3.75144
    -3.75095
    -3.75007
    -6.69533
    -6.69888
    -6.70218
    -6.70521
    -6.70794
    -6.71035
    -6.71243
    -6.71415
    -6.71547
    -6.71638
    -9.43075
      -9.436
    -9.44095
    -9.44558
    -9.44987
    -9.45379
    -9.45732
    -9.46042
    -9.46307
    -9.46523
    -11.8639
    -11.8706
     -11.877
     -11.883
    -11.8885
    -11.8937
    -11.8983
    -11.9025
    -11.9061
    -11.9091
    -14.4492
    -14.4574
    -14.4652
    -14.4725
    -14.4793
    -14.4856
    -14.4913
    -14.4963
    -14.5006
    -14.5042
    -17.3989
     -17.409
    -17.4186
    -17.4275
    -17.4359
    -17.4435
    -17.4503
    -17.4563
    -17.4614
    -17.4655
    -20.3985
    -20.4112
    -20.4231
    -20.4342
    -20.4444
    -20.4536
    -20.4618
    -20.4688
    -20.4746
    -20.4791
    -23.0389
    -23.0544
     -23.069
    -23.0825
    -23.0949
     -23.106
    -23.1158
    -23.1241
    -23.1309
    -23.1359
    -23.3695
    -23.3868
    -23.4031
    -23.4182
    -23.4321
    -23.4446
    -23.4557
    -23.4651
    -23.4728
    -23.4785
    -23.0468
    -23.0662
    -23.0844
    -23.1015
    -23.1173
    -23.1316
    -23.1444
    -23.1554
    -23.1646
    -23.1717
    -21.8158
    -21.8373
    -21.8576
    -21.8768
    -21.8947
    -21.9111
     -21.926
    -21.9392
    -21.9505
    -21.9596
    -19.4476
    -19.4704
    -19.4923
    -19.5131
    -19.5327
    -19.5511
     -19.568
    -19.5834
     -19.597
    -19.6086
    -17.2778
     -17.302
    -17.3255
    -17.3481
    -17.3696
    -17.3901
    -17.4094
    -17.4272
    -17.4435
    -17.4579
    -14.9145
    -14.9387
    -14.9623
    -14.9852
    -15.0073
    -15.0285
    -15.0487
    -15.0678
    -15.0856
     -15.102
    -12.9976
    -13.0205
    -13.0429
    -13.0647
    -13.0859
    -13.1063
     -13.126
    -13.1448
    -13.1627
    -13.1795
    -12.5596
    -12.5813
    -12.6025
    -12.6232
    -12.6435
    -12.6631
    -12.6822
    -12.7005
    -12.7182
    -12.7349
    -11.6822
     -11.702
    -11.7214
    -11.7405
    -11.7591
    -11.7772
    -11.7948
    -11.8119
    -11.8284
    -11.8443
     -12.919
    -12.9379
    -12.9564
    -12.9746
    -12.9923
    -13.0097
    -13.0265
    -13.0429
    -13.0588
    -13.0741
    -15.2197
    -15.2384
    -15.2567
    -15.2747
    -15.2923
    -15.3095
    -15.3262
    -15.3424
    -15.3581
    -15.3733
    -17.5192
    -17.5381
    -17.5566
    -17.5747
    -17.5924
    -17.6096
    -17.6264
    -17.6427
    -17.6585
    -17.6736
    -19.6179
    -19.6371
     -19.656
    -19.6744
    -19.6925
      -19.71
    -19.7271
    -19.7437
    -19.7598
    -19.7753
    -21.7141
    -21.7343
    -21.7541
    -21.7734
    -21.7922
    -21.8106
    -21.8284
    -21.8457
    -21.8625
    -21.8785
    -24.0065
    -24.0285
    -24.0499
    -24.0708
    -24.0912
     -24.111
    -24.1302
    -24.1488
    -24.1667
    -24.1838
    -26.0966
    -26.1208
    -26.1445
    -26.1675
    -26.1899
    -26.2117
    -26.2328
    -26.2531
    -26.2726
    -26.2913
    -27.9451
     -27.972
    -27.9984
     -28.024
    -28.0488
    -28.0729
    -28.0961
    -28.1184
    -28.1399
    -28.1602
    -29.8922
    -29.9226
    -29.9523
    -29.9812
    -30.0091
     -30.036
     -30.062
    -30.0869
    -30.1107
    -30.1332
    -31.9495
    -31.9844
    -32.0185
    -32.0517
    -32.0839
     -32.115
     -32.145
    -32.1737
     -32.201
    -32.2267
    -34.0233
    -34.0641
    -34.1039
    -34.1426
    -34.1801
    -34.2163
    -34.2511
    -34.2843
    -34.3159
    -34.3454
    -35.9633
    -36.0102
     -36.056
    -36.1006
    -36.1439
    -36.1857
    -36.2258
    -36.2642
    -36.3006
    -36.3346
    -37.6704
    -37.7224
    -37.7732
     -37.823
    -37.8714
    -37.9184
    -37.9637
    -38.0072
    -38.0485
    -38.0874
    -38.3334
    -38.3886
    -38.4429
    -38.4962
    -38.5483
    -38.5993
    -38.6488
    -38.6966
    -38.7426
    -38.7864
     -36.759
    -36.8111
    -36.8627
    -36.9135
    -36.9635
    -37.0126
    -37.0606
    -37.1073
    -37.1527
    -37.1964
    -35.3777
    -35.4253
    -35.4724
    -35.5188
    -35.5647
    -35.6098
    -35.6541
    -35.6974
    -35.7397
    -35.7807
    -33.9321
    -33.9745
    -34.0165
    -34.0581
    -34.0991
    -34.1395
    -34.1793
    -34.2183
    -34.2565
    -34.2937
     -32.263
    -32.3003
    -32.3372
    -32.3738
      -32.41
    -32.4457
    -32.4809
    -32.5156
    -32.5495
    -32.5828
    -30.4873
    -30.5197
    -30.5518
    -30.5837
    -30.6152
    -30.6463
     -30.677
    -30.7073
    -30.7371
    -30.7664
    -28.7228
    -28.7505
     -28.778
    -28.8053
    -28.8324
    -28.8592
    -28.8856
    -28.9117
    -28.9375
    -28.9628
    -27.2501
    -27.2736
     -27.297
    -27.3202
    -27.3432
    -27.3659
    -27.3884
    -27.4107
    -27.4326
    -27.4542
    -25.4475
    -25.4674
    -25.4872
    -25.5068
    -25.5262
    -25.5454
    -25.5645
    -25.5833
    -25.6018
    -25.6201
    -23.6666
    -23.6839
     -23.701
    -23.7178
    -23.7344
    -23.7508
    -23.7669
    -23.7828
    -23.7984
    -23.8138
     -21.614
    -21.6293
    -21.6443
    -21.6592
    -21.6738
    -21.6882
    -21.7023
    -21.7162
    -21.7299
    -21.7432
    -19.7267
    -19.7409
    -19.7548
    -19.7685
     -19.782
    -19.7953
    -19.8083
    -19.8211
    -19.8336
    -19.8458
    -17.7389
    -17.7529
    -17.7667
    -17.7802
    -17.7935
    -17.8065
    -17.8192
    -17.8317
    -17.8438
    -17.8556
    -15.7381
    -15.7529
    -15.7674
    -15.7817
    -15.7958
    -15.8095
    -15.8229
     -15.836
    -15.8488
    -15.8612
    -13.4182
    -13.4344
    -13.4505
    -13.4662
    -13.4817
    -13.4969
    -13.5118
    -13.5262
    -13.5403
     -13.554
    -11.3611
    -11.3799
    -11.3984
    -11.4166
    -11.4345
    -11.4521
    -11.4693
     -11.486
    -11.5024
    -11.5182
    -9.75056
    -9.77277
    -9.79471
    -9.81636
    -9.83768
    -9.85863
    -9.87917
    -9.89925
    -9.91883
    -9.93784
    -7.95687
    -7.98235
    -8.00759
    -8.03254
    -8.05716
    -8.08142
    -8.10525
    -8.12861
    -8.15144
    -8.17367
    -5.95453
    -5.98343
    -6.01212
    -6.04056
    -6.06871
    -6.09651
    -6.12392
    -6.15087
     -6.1773
    -6.20313
    -4.35115
    -4.38354
    -4.41577
     -4.4478
     -4.4796
    -4.51109
    -4.54224
    -4.57296
     -4.6032
    -4.63286
    -3.33935
    -3.37516
    -3.41088
    -3.44645
    -3.48184
    -3.51699
    -3.55184
    -3.58632
    -3.62036
    -3.65387
     -2.7844
    -2.82418
     -2.8639
    -2.90353
    -2.94304
    -2.98237
    -3.02146
    -3.06025
    -3.09865
    -3.13657
    -2.41107
    -2.45516
    -2.49927
    -2.54335
    -2.58738
     -2.6313
    -2.67506
    -2.71859
    -2.76182
    -2.80463
    -1.36387
    -1.41199
    -1.46021
    -1.50849
    -1.55679
    -1.60508
    -1.65331
    -1.70142
    -1.74933
    -1.79694
   -0.723169
    -0.77404
   -0.825038
   -0.876142
   -0.927321
   -0.978542
    -1.02976
    -1.08092
    -1.13195
    -1.18276
    -12.8436
     -12.872
    -12.8991
    -12.9248
    -12.9489
    -12.9714
    -12.9919
    -13.0103
    -13.0263
    -13.0397
    -11.9396
    -11.9667
    -11.9928
    -12.0177
    -12.0413
    -12.0634
     -12.084
    -12.1027
    -12.1194
    -12.1339
    -11.6675
     -11.694
    -11.7196
    -11.7442
    -11.7677
      -11.79
     -11.811
    -11.8305
    -11.8484
    -11.8644
     -12.667
    -12.6948
    -12.7217
    -12.7478
    -12.7729
     -12.797
    -12.8198
    -12.8414
    -12.8614
    -12.8798
    -14.0999
    -14.1293
     -14.158
    -14.1858
    -14.2127
    -14.2387
    -14.2635
     -14.287
    -14.3092
    -14.3298
    -15.5239
    -15.5552
    -15.5858
    -15.6156
    -15.6445
    -15.6725
    -15.6994
    -15.7251
    -15.7494
    -15.7723
    -17.0064
    -17.0399
    -17.0728
    -17.1048
     -17.136
    -17.1662
    -17.1954
    -17.2233
    -17.2499
    -17.2749
    -18.3769
    -18.4129
    -18.4482
    -18.4826
    -18.5162
    -18.5488
    -18.5802
    -18.6103
     -18.639
     -18.666
    -19.7085
    -19.7478
    -19.7862
    -19.8237
    -19.8603
    -19.8957
    -19.9298
    -19.9625
    -19.9936
    -20.0228
    -21.2182
    -21.2619
    -21.3048
    -21.3466
    -21.3872
    -21.4265
    -21.4643
    -21.5004
    -21.5345
    -21.5663
    -22.2772
    -22.3257
    -22.3731
    -22.4193
     -22.464
    -22.5072
    -22.5485
    -22.5878
    -22.6247
    -22.6589
     -23.831
    -23.8868
    -23.9413
    -23.9942
    -24.0453
    -24.0945
    -24.1415
    -24.1858
    -24.2273
    -24.2654
    -24.6645
    -24.7274
    -24.7886
    -24.8479
    -24.9052
    -24.9601
    -25.0124
    -25.0615
    -25.1072
    -25.1488
    -26.0473
    -26.1204
    -26.1916
    -26.2607
    -26.3274
    -26.3913
    -26.4521
    -26.5093
    -26.5624
    -26.6108
    -26.8439
    -26.9272
    -27.0086
    -27.0878
    -27.1645
    -27.2383
    -27.3088
    -27.3755
    -27.4378
    -27.4951
    -28.0333
    -28.1273
    -28.2196
    -28.3097
    -28.3974
    -28.4822
    -28.5638
    -28.6417
    -28.7151
    -28.7834
    -27.4403
    -27.5353
    -27.6288
    -27.7204
    -27.8099
     -27.897
    -27.9812
    -28.0623
    -28.1395
    -28.2123
    -26.8525
     -26.943
    -27.0322
      -27.12
     -27.206
      -27.29
    -27.3718
    -27.4509
    -27.5271
    -27.5997
    -26.2723
    -26.3568
    -26.4402
    -26.5225
    -26.6033
    -26.6826
    -26.7602
    -26.8357
    -26.9089
    -26.9794
    -25.6954
    -25.7734
    -25.8505
    -25.9267
    -26.0017
    -26.0755
     -26.148
    -26.2188
    -26.2879
    -26.3549
    -25.2024
    -25.2732
    -25.3434
    -25.4128
    -25.4812
    -25.5487
     -25.615
    -25.6801
    -25.7438
    -25.8059
    -24.5673
    -24.6308
    -24.6937
    -24.7559
    -24.8174
    -24.8781
    -24.9379
    -24.9967
    -25.0544
    -25.1109
    -23.9548
    -24.0116
     -24.068
    -24.1239
    -24.1791
    -24.2337
    -24.2876
    -24.3407
    -24.3929
    -24.4442
     -23.409
    -23.4599
    -23.5105
    -23.5605
    -23.6101
     -23.659
    -23.7074
    -23.7551
     -23.802
    -23.8482
     -22.636
     -22.681
    -22.7256
    -22.7697
    -22.8133
    -22.8564
    -22.8989
    -22.9407
    -22.9818
    -23.0222
    -21.5802
    -21.6195
    -21.6583
    -21.6966
    -21.7344
    -21.7716
    -21.8082
    -21.8442
    -21.8795
    -21.9141
    -20.5189
    -20.5536
    -20.5878
    -20.6216
    -20.6548
    -20.6875
    -20.7195
     -20.751
    -20.7817
    -20.8117
    -19.7304
    -19.7626
    -19.7944
    -19.8256
    -19.8563
    -19.8864
    -19.9158
    -19.9446
    -19.9727
    -19.9999
    -19.2676
    -19.2992
    -19.3303
    -19.3608
    -19.3906
    -19.4198
    -19.4482
    -19.4759
    -19.5028
    -19.5288
    -18.4324
    -18.4641
    -18.4952
    -18.5256
    -18.5554
    -18.5843
    -18.6125
    -18.6399
    -18.6663
    -18.6918
    -17.3688
    -17.4016
    -17.4338
    -17.4652
    -17.4959
    -17.5257
    -17.5547
    -17.5827
    -17.6098
    -17.6358
     -16.292
    -16.3273
     -16.362
    -16.3959
    -16.4289
    -16.4611
    -16.4923
    -16.5225
    -16.5516
    -16.5795
    -15.1888
    -15.2278
    -15.2662
    -15.3039
    -15.3406
    -15.3765
    -15.4113
     -15.445
    -15.4775
    -15.5087
    -13.8872
    -13.9296
    -13.9714
    -14.0124
    -14.0526
     -14.092
    -14.1303
    -14.1676
    -14.2036
    -14.2382
    -11.8658
    -11.9102
     -11.954
    -11.9973
    -12.0399
    -12.0817
    -12.1226
    -12.1625
    -12.2013
    -12.2388
    -10.1868
    -10.2335
    -10.2798
    -10.3256
    -10.3708
    -10.4153
     -10.459
    -10.5018
    -10.5437
    -10.5843
    -9.13153
    -9.18075
    -9.22959
    -9.27799
    -9.32588
    -9.37318
    -9.41979
    -9.46559
    -9.51045
    -9.55422
    -7.89358
    -7.94542
    -7.99695
    -8.04811
    -8.09884
    -8.14905
    -8.19866
    -8.24756
    -8.29561
    -8.34267
     -6.8826
    -6.93692
    -6.99099
    -7.04476
    -7.09817
    -7.15116
    -7.20364
     -7.2555
    -7.30664
     -7.3569
     -5.7116
    -5.76628
    -5.82078
    -5.87506
    -5.92907
    -5.98277
    -6.03608
    -6.08892
     -6.1412
    -6.19279
    -4.58557
    -4.63622
    -4.68677
    -4.73717
    -4.78741
    -4.83745
    -4.88723
    -4.93671
    -4.98582
    -5.03448
     -4.1923
    -4.23586
    -4.27935
    -4.32276
    -4.36608
    -4.40928
    -4.45233
     -4.4952
    -4.53784
    -4.58022
    -4.80442
    -4.84131
    -4.87815
    -4.91493
    -4.95163
    -4.98825
    -5.02478
    -5.06119
    -5.09747
     -5.1336
    -7.27962
    -7.31327
    -7.34685
    -7.38034
    -7.41373
    -7.44703
    -7.48021
    -7.51328
    -7.54621
      -7.579
    -10.5175
    -10.5505
    -10.5834
    -10.6162
    -10.6489
    -10.6815
     -10.714
    -10.7463
    -10.7784
    -10.8104
    -13.3263
    -13.3603
    -13.3941
    -13.4278
    -13.4614
    -13.4949
    -13.5281
    -13.5612
     -13.594
    -13.6266
    -16.1677
    -16.2048
    -16.2418
    -16.2786
    -16.3153
    -16.3517
    -16.3878
    -16.4237
    -16.4592
    -16.4944
    -19.1275
    -19.1705
    -19.2133
    -19.2558
    -19.2981
      -19.34
    -19.3815
    -19.4226
    -19.4632
    -19.5031
    -22.2843
     -22.336
    -22.3874
    -22.4384
     -22.489
    -22.5391
    -22.5886
    -22.6375
    -22.6856
    -22.7328
    -25.1955
    -25.2575
    -25.3191
    -25.3801
    -25.4406
    -25.5004
    -25.5594
    -25.6174
    -25.6744
    -25.7301
    -27.6354
    -27.7087
    -27.7815
    -27.8536
     -27.925
    -27.9954
    -28.0647
    -28.1327
    -28.1993
    -28.2641
    -29.8324
    -29.9191
    -30.0051
    -30.0902
    -30.1742
    -30.2571
    -30.3385
    -30.4183
    -30.4962
    -30.5718
      -32.56
    -32.6639
     -32.767
    -32.8689
    -32.9696
    -33.0687
     -33.166
    -33.2612
    -33.3539
    -33.4438
    -35.1061
    -35.2277
    -35.3482
    -35.4676
    -35.5856
    -35.7018
     -35.816
    -35.9278
    -36.0367
    -36.1422
     -37.203
    -37.3403
    -37.4768
    -37.6122
    -37.7462
    -37.8786
    -38.0089
    -38.1368
    -38.2618
    -38.3833
    -39.4897
    -39.6434
    -39.7964
    -39.9486
    -40.0996
    -40.2492
    -40.3969
    -40.5424
    -40.6852
    -40.8246
    -41.7838
    -41.9534
    -42.1226
    -42.2914
    -42.4594
    -42.6263
    -42.7918
    -42.9556
     -43.117
    -43.2756
    -43.8891
    -44.0725
    -44.2561
    -44.4395
    -44.6227
    -44.8053
    -44.9872
    -45.1678
    -45.3469
    -45.5238
    -45.6068
    -45.7986
    -45.9909
    -46.1834
     -46.376
    -46.5687
    -46.7611
    -46.9531
    -47.1442
     -47.334
    -43.6712
      -43.85
    -44.0293
    -44.2091
    -44.3893
    -44.5699
    -44.7505
    -44.9312
    -45.1117
    -45.2916
    -40.4962
     -40.654
    -40.8123
    -40.9711
    -41.1304
      -41.29
    -41.4499
      -41.61
    -41.7701
      -41.93
    -37.1687
    -37.3053
    -37.4424
    -37.5798
    -37.7177
    -37.8559
    -37.9943
     -38.133
    -38.2717
    -38.4104
    -33.7155
     -33.832
    -33.9489
    -34.0661
    -34.1836
    -34.3013
    -34.4193
    -34.5374
    -34.6555
    -34.7737
    -30.0253
    -30.1236
    -30.2221
    -30.3209
    -30.4198
    -30.5189
    -30.6181
    -30.7173
    -30.8165
    -30.9155
     -26.438
    -26.5207
    -26.6035
    -26.6865
    -26.7696
    -26.8527
    -26.9358
    -27.0188
    -27.1017
    -27.1843
    -22.7329
    -22.8015
    -22.8701
    -22.9388
    -23.0076
    -23.0763
     -23.145
    -23.2135
    -23.2818
    -23.3499
    -19.1524
    -19.2088
    -19.2652
    -19.3218
    -19.3783
    -19.4348
    -19.4912
    -19.5475
    -19.6037
    -19.6596
    -15.4218
    -15.4674
    -15.5132
     -15.559
    -15.6049
    -15.6508
    -15.6967
    -15.7425
    -15.7883
    -15.8339
    -11.5992
    -11.6355
     -11.672
    -11.7086
    -11.7453
    -11.7822
    -11.8192
    -11.8563
    -11.8935
    -11.9307
    -7.76329
     -7.7914
    -7.81978
    -7.84844
     -7.8774
    -7.90668
    -7.93632
    -7.96632
     -7.9967
    -8.02745
    -3.89175
    -3.91286
    -3.93443
    -3.95648
    -3.97906
    -4.00221
    -4.02601
    -4.05052
    -4.07578
    -4.10185
    0.197744
    0.182724
    0.166965
    0.150419
    0.133007
    0.114628
   0.0951741
   0.0745374
   0.0526118
   0.0292928
     3.89401
      3.8835
     3.87193
     3.85919
     3.84518
     3.82974
     3.81271
     3.79393
     3.77323
     3.75043
     7.82258
     7.81647
     7.80885
     7.79958
     7.78848
     7.77536
     7.75998
      7.7421
     7.72149
     7.69788
      11.246
     11.2433
     11.2388
     11.2321
     11.2232
     11.2116
     11.1972
     11.1796
     11.1586
     11.1337
     13.2595
     13.2583
     13.2551
     13.2497
     13.2419
     13.2314
     13.2179
     13.2012
     13.1809
     13.1566
     14.1441
     14.1442
     14.1426
     14.1389
     14.1331
     14.1248
      14.114
     14.1003
     14.0833
     14.0628
     13.6918
     13.6937
     13.6941
     13.6929
     13.6899
     13.6849
     13.6777
     13.6682
      13.656
     13.6409
     13.0153
     13.0188
      13.021
     13.0218
     13.0212
     13.0189
     13.0149
      13.009
     13.0009
     12.9906
     12.8065
     12.8111
     12.8146
      12.817
     12.8182
      12.818
     12.8164
     12.8132
     12.8083
     12.8015
      12.545
     12.5503
     12.5547
     12.5581
     12.5605
     12.5619
      12.562
     12.5609
     12.5584
     12.5544
     12.2464
      12.252
      12.257
     12.2611
     12.2644
     12.2667
     12.2682
     12.2686
     12.2679
      12.266
      11.342
     11.3476
     11.3527
     11.3572
     11.3609
      11.364
     11.3662
     11.3677
     11.3682
     11.3679
     9.75058
      9.7558
     9.76055
     9.76481
     9.76854
     9.77173
     9.77432
     9.77628
     9.77758
     9.77817
     8.86722
      8.8725
      8.8774
     8.88188
     8.88593
     8.88952
     8.89261
     8.89519
     8.89721
     8.89865
      8.3773
     8.38315
     8.38864
     8.39374
     8.39844
      8.4027
      8.4065
      8.4098
     8.41259
     8.41482
     7.96444
     7.96996
     7.97511
     7.97989
     7.98425
     7.98819
     7.99167
     7.99467
     7.99715
     7.99909
     7.77488
     7.77936
     7.78345
     7.78714
     7.79039
     7.79318
     7.79548
     7.79728
     7.79853
     7.79921
     7.77125
     7.77426
     7.77682
      7.7789
     7.78049
     7.78154
     7.78204
     7.78195
     7.78125
     7.77991
      7.7177
     7.71859
     7.71894
     7.71872
     7.71789
     7.71644
     7.71432
     7.71152
     7.70799
     7.70371
     7.64272
     7.64113
     7.63887
      7.6359
      7.6322
     7.62772
     7.62244
     7.61631
     7.60932
     7.60142
     7.38281
     7.37838
     7.37312
     7.36698
     7.35992
     7.35191
      7.3429
     7.33286
     7.32175
     7.30953
     7.31532
     7.30908
     7.30183
     7.29353
     7.28411
     7.27354
     7.26175
      7.2487
     7.23435
     7.21865
     7.22196
     7.21499
     7.20687
     7.19751
     7.18687
     7.17488
     7.16148
     7.14659
     7.13017
     7.11214
     7.11499
     7.10813
     7.09997
     7.09045
     7.07947
     7.06697
     7.05286
     7.03705
     7.01947
     7.00002
     7.33694
     7.33183
     7.32533
     7.31733
     7.30775
     7.29649
     7.28342
     7.26845
     7.25146
     7.23234
     7.76613
     7.76412
     7.76063
     7.75556
     7.74879
      7.7402
     7.72965
       7.717
      7.7021
     7.68481
     8.06358
     8.06496
     8.06482
     8.06304
     8.05949
     8.05401
     8.04646
     8.03665
     8.02439
     8.00948
     7.97845
     7.98306
     7.98618
     7.98767
     7.98739
     7.98516
     7.98081
     7.97413
      7.9649
     7.95286
     8.36085
     8.36994
     8.37758
     8.38365
     8.38799
     8.39041
     8.39073
     8.38871
     8.38411
     8.37663
        8.16
      8.1707
     8.18002
      8.1878
      8.1939
     8.19813
      8.2003
     8.20017
     8.19748
     8.19193
     7.70257
     7.71092
     7.71868
     7.72579
     7.73219
     7.73781
     7.74256
     7.74634
     7.74905
     7.75054
     9.81489
     9.82516
     9.83492
     9.84413
     9.85275
     9.86069
     9.86791
     9.87432
     9.87982
     9.88431
     11.3635
     11.3751
     11.3862
     11.3969
      11.407
     11.4165
     11.4253
     11.4335
     11.4408
     11.4473
     13.2019
     13.2144
     13.2265
     13.2382
     13.2494
       13.26
       13.27
     13.2793
      13.288
     13.2958
     14.4348
      14.448
     14.4608
     14.4731
      14.485
     14.4964
     14.5072
     14.5173
     14.5269
     14.5356
     16.1258
       16.14
     16.1538
     16.1671
     16.1799
     16.1923
     16.2041
     16.2153
     16.2258
     16.2356
     17.1075
     17.1223
     17.1367
     17.1507
     17.1642
     17.1772
     17.1896
     17.2015
     17.2127
     17.2231
     18.8405
     18.8568
     18.8727
     18.8881
     18.9031
     18.9174
     18.9312
     18.9443
     18.9567
     18.9682
     19.7756
     19.7933
     19.8105
     19.8271
     19.8432
     19.8587
     19.8735
     19.8876
     19.9008
     19.9131
      21.445
     21.4651
     21.4847
     21.5036
     21.5219
     21.5395
     21.5562
     21.5721
     21.5869
     21.6005
      22.622
     22.6449
     22.6671
     22.6885
     22.7092
     22.7289
     22.7476
     22.7653
     22.7816
     22.7966
     23.8719
     23.8981
     23.9236
     23.9482
     23.9718
     23.9944
     24.0158
     24.0358
     24.0542
      24.071
     24.6883
     24.7184
     24.7476
     24.7757
     24.8027
     24.8284
     24.8526
     24.8752
      24.896
     24.9147
     24.5916
     24.6257
     24.6588
     24.6909
     24.7217
      24.751
     24.7788
     24.8048
     24.8288
     24.8504
     23.1855
     23.2226
     23.2588
     23.2939
     23.3277
     23.3601
      23.391
     23.4201
      23.447
     23.4716
     21.7637
     21.8026
     21.8407
     21.8778
     21.9138
     21.9486
     21.9819
     22.0136
     22.0433
     22.0709
     20.5244
     20.5621
     20.5989
     20.6349
     20.6699
     20.7038
     20.7364
     20.7677
     20.7974
     20.8252
       18.91
     18.9444
     18.9782
     19.0113
     19.0436
     19.0751
     19.1056
      19.135
     19.1631
     19.1899
      17.297
     17.3281
     17.3586
     17.3886
      17.418
     17.4467
     17.4746
     17.5017
     17.5279
      17.553
     15.4462
     15.4737
     15.5008
     15.5274
     15.5535
      15.579
      15.604
     15.6282
     15.6518
     15.6745
      13.676
     13.6999
     13.7235
     13.7467
     13.7695
     13.7918
     13.8136
     13.8349
     13.8557
     13.8759
     13.0063
     13.0271
     13.0478
      13.068
      13.088
     13.1076
     13.1269
     13.1458
     13.1642
     13.1822
     12.7265
     12.7448
     12.7629
     12.7808
     12.7983
     12.8156
     12.8326
     12.8493
     12.8656
     12.8816
     12.9406
     12.9569
     12.9729
     12.9887
     13.0043
     13.0196
     13.0347
     13.0494
     13.0639
      13.078
     15.2031
     15.2185
     15.2337
     15.2486
     15.2632
     15.2776
     15.2916
     15.3053
     15.3188
     15.3319
     17.5642
     17.5791
     17.5937
     17.6081
     17.6221
     17.6358
     17.6492
     17.6622
      17.675
     17.6874
     20.1567
     20.1719
     20.1869
     20.2015
     20.2157
     20.2297
     20.2433
     20.2566
     20.2695
      20.282
     23.0753
     23.0921
     23.1085
     23.1245
     23.1401
     23.1553
     23.1701
     23.1844
     23.1983
     23.2118
     25.5247
     25.5435
     25.5618
     25.5796
     25.5969
     25.6137
     25.6299
     25.6456
     25.6607
     25.6752
     27.9471
     27.9684
     27.9892
     28.0094
      28.029
     28.0479
     28.0663
     28.0839
     28.1009
     28.1172
     30.3655
     30.3902
     30.4143
     30.4377
     30.4604
     30.4823
     30.5035
     30.5238
     30.5434
      30.562
     32.9471
     32.9762
     33.0046
     33.0321
     33.0588
     33.0846
     33.1094
     33.1333
     33.1562
     33.1779
      35.191
     35.2245
     35.2574
     35.2895
     35.3208
     35.3511
     35.3805
     35.4089
      35.436
     35.4619
     37.6738
      37.712
     37.7495
     37.7863
     37.8223
     37.8573
     37.8914
     37.9243
      37.956
     37.9863
     39.9904
     40.0338
     40.0765
     40.1185
     40.1598
     40.2001
     40.2395
     40.2777
     40.3148
     40.3504
      42.218
     42.2667
     42.3148
     42.3623
     42.4091
     42.4551
     42.5001
     42.5441
     42.5868
     42.6282
     44.2261
     44.2801
     44.3336
     44.3866
     44.4389
     44.4904
     44.5411
     44.5907
     44.6392
     44.6864
     46.5342
     46.5942
     46.6538
     46.7129
     46.7715
     46.8293
     46.8863
     46.9424
     46.9975
     47.0512
     48.4227
     48.4882
     48.5534
     48.6182
     48.6825
     48.7462
     48.8092
     48.8715
     48.9329
     48.9931
     47.9529
     48.0181
      48.083
     48.1477
      48.212
     48.2759
     48.3393
     48.4022
     48.4645
     48.5259
     44.9794
     45.0368
      45.094
     45.1511
     45.2079
     45.2645
     45.3208
     45.3767
     45.4322
     45.4871
     42.1164
     42.1657
     42.2149
      42.264
     42.3129
     42.3617
     42.4102
     42.4585
     42.5064
     42.5541
     39.2319
     39.2748
     39.3174
     39.3599
     39.4022
     39.4443
     39.4862
     39.5278
     39.5692
     39.6103
     36.2519
      36.289
     36.3258
     36.3624
     36.3987
     36.4348
     36.4706
     36.5061
     36.5413
     36.5762
     32.9587
     32.9904
     33.0219
     33.0533
     33.0844
     33.1152
     33.1458
     33.1762
     33.2062
     33.2359
     29.4488
     29.4763
     29.5035
     29.5306
     29.5574
     29.5839
     29.6102
     29.6361
     29.6618
     29.6871
     26.0855
     26.1101
     26.1345
     26.1587
     26.1826
     26.2063
     26.2296
     26.2527
     26.2755
     26.2978
     23.2323
     23.2559
     23.2792
     23.3023
     23.3252
     23.3478
     23.3701
      23.392
     23.4136
     23.4348
     19.8564
     19.8795
     19.9024
     19.9251
     19.9475
     19.9697
     19.9915
     20.0131
     20.0343
     20.0551
     15.8625
     15.8856
     15.9085
     15.9313
     15.9538
     15.9762
     15.9982
       16.02
     16.0414
     16.0623
      12.227
     12.2516
      12.276
     12.3002
     12.3243
     12.3482
     12.3718
     12.3952
     12.4181
     12.4406
     8.63637
     8.66373
     8.69101
     8.71818
      8.7452
     8.77203
     8.79862
     8.82491
     8.85084
     8.87633
     5.03885
     5.06987
      5.1009
      5.1319
     5.16284
     5.19368
     5.22435
     5.25479
     5.28492
     5.31466
     2.03006
     2.06449
     2.09901
     2.13359
      2.1682
     2.20278
     2.23729
     2.27165
     2.30579
     2.33959
   -0.327106
    -0.28931
   -0.251333
   -0.213201
   -0.174947
   -0.136614
  -0.0982529
  -0.0599307
  -0.0217279
   0.0162569
    -1.77652
    -1.73547
    -1.69415
     -1.6526
    -1.61083
    -1.56889
    -1.52681
    -1.48465
    -1.44249
    -1.40042
    -2.48431
    -2.44039
    -2.39616
    -2.35165
    -2.30685
     -2.2618
    -2.21654
    -2.17109
    -2.12554
    -2.07994
     -2.9877
    -2.94176
    -2.89548
    -2.84885
     -2.8019
    -2.75463
    -2.70706
    -2.65922
    -2.61115
     -2.5629
    -3.67404
     -3.6291
    -3.58382
     -3.5382
    -3.49223
    -3.44594
    -3.39931
    -3.35237
    -3.30513
    -3.25764
    -3.90212
    -3.86155
    -3.82067
    -3.77946
    -3.73793
    -3.69608
    -3.65392
    -3.61145
    -3.56868
    -3.52564
    -2.64629
    -2.61115
    -2.57572
    -2.54002
    -2.50403
    -2.46776
     -2.4312
    -2.39436
    -2.35724
    -2.31985
    -1.83496
    -1.80487
    -1.77455
      -1.744
    -1.71321
    -1.68219
    -1.65093
    -1.61943
    -1.58771
    -1.55576
    0.216484
    0.241977
    0.267653
    0.293515
    0.319566
    0.345808
    0.372243
    0.398871
    0.425691
      0.4527
     2.95362
     2.97565
     2.99781
     3.02011
     3.04256
     3.06514
     3.08788
     3.11076
     3.13379
     3.15696
     5.28614
     5.30572
     5.32541
     5.34518
     5.36504
       5.385
     5.40507
     5.42525
     5.44553
     5.46591
     7.81301
      7.8312
     7.84945
     7.86774
     7.88609
      7.9045
     7.92297
      7.9415
     7.96009
     7.97874
     10.3345
     10.3523
     10.3702
     10.3881
     10.4059
     10.4238
     10.4417
     10.4597
     10.4777
     10.4956
     12.6516
     12.6699
     12.6882
     12.7066
     12.7249
     12.7432
     12.7615
     12.7798
     12.7981
     12.8164
     15.1629
     15.1828
     15.2026
     15.2225
     15.2423
     15.2621
     15.2819
     15.3016
     15.3214
     15.3412
     17.4315
     17.4535
     17.4754
     17.4973
     17.5192
     17.5411
      17.563
     17.5848
     17.6067
     17.6286
     19.4911
     19.5157
     19.5404
     19.5649
     19.5895
      19.614
     19.6386
     19.6633
      19.688
     19.7127
     21.8759
     21.9042
     21.9326
     21.9611
     21.9896
     22.0182
      22.047
     22.0759
     22.1048
     22.1339
     24.3693
     24.4024
     24.4356
     24.4689
     24.5024
      24.536
     24.5699
      24.604
     24.6383
     24.6728
     26.5785
     26.6162
     26.6541
     26.6924
     26.7309
     26.7698
     26.8091
     26.8487
     26.8886
     26.9289
     28.4613
     28.5025
     28.5441
     28.5861
     28.6287
     28.6717
     28.7153
     28.7594
      28.804
     28.8491
     30.2987
     30.3423
     30.3865
     30.4311
     30.4764
     30.5222
     30.5687
     30.6159
     30.6636
      30.712
     29.1951
     29.2348
      29.275
     29.3158
     29.3572
     29.3991
     29.4417
      29.485
     29.5289
     29.5735
     26.5911
     26.6251
     26.6595
     26.6944
     26.7298
     26.7657
     26.8021
     26.8392
     26.8768
      26.915
     23.5201
     23.5483
     23.5768
     23.6057
     23.6351
     23.6648
     23.6951
     23.7258
      23.757
     23.7887
     20.6214
     20.6444
     20.6677
     20.6914
     20.7154
     20.7398
     20.7645
     20.7897
     20.8153
     20.8413
     17.8253
     17.8438
     17.8626
     17.8816
     17.9009
     17.9206
     17.9406
     17.9609
     17.9815
     18.0025
     15.0145
     15.0291
     15.0438
     15.0588
      15.074
     15.0895
     15.1052
     15.1212
     15.1375
     15.1541
     11.9082
     11.9191
     11.9302
     11.9415
      11.953
     11.9647
     11.9766
     11.9888
     12.0011
     12.0137
     8.87081
     8.87877
     8.88686
      8.8951
     8.90349
     8.91203
     8.92074
     8.92962
     8.93868
     8.94792
     5.87625
     5.88184
     5.88754
     5.89334
     5.89926
      5.9053
     5.91147
     5.91778
     5.92424
     5.93084
     2.97076
     2.97444
     2.97823
     2.98213
     2.98615
      2.9903
     2.99457
     2.99899
     3.00354
     3.00826
   -0.545234
   -0.543261
   -0.541157
   -0.538917
   -0.536534
   -0.534001
   -0.531314
   -0.528465
   -0.525448
   -0.522255
    -3.76084
    -3.76002
    -3.75903
    -3.75786
    -3.75649
    -3.75493
    -3.75315
    -3.75117
    -3.74896
    -3.74653
    -6.98643
    -6.98646
    -6.98626
    -6.98579
    -6.98505
    -6.98404
    -6.98273
    -6.98113
    -6.97922
    -6.97698
    -10.2494
    -10.2501
    -10.2504
    -10.2504
      -10.25
    -10.2493
    -10.2481
    -10.2466
    -10.2446
    -10.2421
    -13.4057
    -13.4069
    -13.4077
     -13.408
    -13.4077
     -13.407
    -13.4056
    -13.4037
    -13.4012
     -13.398
    -16.6292
    -16.6312
    -16.6326
    -16.6333
    -16.6333
    -16.6326
    -16.6311
    -16.6289
    -16.6258
    -16.6219
    -17.5691
    -17.5714
     -17.573
    -17.5738
    -17.5738
     -17.573
    -17.5713
    -17.5687
    -17.5651
    -17.5604
    -17.8847
    -17.8874
    -17.8893
    -17.8904
    -17.8906
    -17.8898
    -17.8881
    -17.8853
    -17.8814
    -17.8763
    -17.7988
    -17.8022
    -17.8048
    -17.8064
    -17.8072
    -17.8069
    -17.8056
    -17.8031
    -17.7994
    -17.7945
    -17.1199
    -17.1242
    -17.1277
    -17.1303
     -17.132
    -17.1325
     -17.132
    -17.1302
    -17.1272
    -17.1228
    -15.9813
    -15.9866
    -15.9911
    -15.9946
     -15.997
    -15.9985
    -15.9987
    -15.9977
    -15.9953
    -15.9915
    -14.6583
    -14.6645
    -14.6698
    -14.6743
    -14.6778
    -14.6802
    -14.6815
    -14.6815
    -14.6802
    -14.6773
    -14.0072
    -14.0149
    -14.0218
    -14.0278
    -14.0329
    -14.0369
    -14.0398
    -14.0415
    -14.0417
    -14.0404
    -12.9583
     -12.967
    -12.9749
    -12.9821
    -12.9884
    -12.9938
    -12.9981
    -13.0011
    -13.0029
    -13.0032
