 68.000000
 70.052000
 72.808000
 76.312000
 79.008000
 80.630000
 81.000000
 81.000000
 81.000000
 81.000000
 81.000000
 81.000000
 81.000000
 81.000000
 81.000000
 81.380000
 84.432000
 85.000000
 85.000000
 85.000000
 85.000000
 85.000000
 85.000000
 85.000000
 85.000000
 85.000000
 85.000000
 85.000000
 85.000000
 85.000000
 85.000000
 85.000000
 85.000000
 85.000000
 85.000000
 85.000000
 85.000000
 85.000000
 85.000000
 85.000000
 85.000000
 85.000000
 85.000000
 85.018000
 86.288000
 88.410000
 91.384000
 95.288000
 98.344000
100.548000
101.900000
102.000000
102.000000
102.000000
102.000000
102.000000
102.000000
102.000000
102.000000
102.000000
102.000000
102.000000
102.000000
102.000000
102.000000
102.000000
102.432000
105.484000
106.000000
106.000000
106.000000
106.000000
106.000000
106.000000
106.000000
106.000000
106.000000
106.000000
106.000000
106.000000
106.000000
106.000000
106.000000
106.658000
107.584000
109.530000
112.744000
116.648000
119.864000
122.028000
123.000000
123.000000
123.000000
123.000000
123.000000
123.000000
123.000000
123.000000
123.000000
123.000000
123.000000
123.000000
123.000000
123.000000
123.000000
123.000000
123.000000
123.200000
123.000000
123.000000
123.000000
123.000000
123.000000
123.000000
123.000000
123.000000
123.000000
123.000000
125.340000
127.994000
128.000000
128.000000
128.000000
128.000000
128.000000
128.000000
128.000000
128.000000
128.000000
128.454000
130.340000
133.624000
137.096000
139.316000
140.000000
140.000000
140.000000
140.000000
140.000000
140.000000
140.000000
140.000000
140.000000
140.000000
140.000000
139.930000
138.808000
137.478000
135.656000
133.278000
130.900000
127.722000
124.192000
119.610000
114.980000
110.810000
111.768000
114.364000
116.416000
118.068000
119.000000
118.914000
117.576000
115.724000
113.608000
110.640000
107.336000
102.790000
 98.728000
 96.012000
 93.340000
 91.454000
 90.056000
 89.002000
 89.524000
 90.700000
 92.728000
 95.004000
 97.428000
 95.230000
 90.600000
 85.970000
 81.872000
 78.826000
 75.848000
 73.470000
 71.564000
 70.076000
 68.912000
 68.000000
 68.000000
 68.000000
 68.000000
 68.000000
 68.000000
 68.000000
 68.000000
 68.000000
 68.000000
 68.000000
 68.000000
 94.000000
 91.422000
 89.548000
 89.578000
 91.512000
 94.520000
 98.780000
103.410000
108.040000
112.670000
117.300000
121.930000
126.560000
131.190000
135.820000
140.070000
140.352000
136.290000
131.660000
127.030000
122.400000
117.770000
113.140000
108.510000
103.880000
 99.250000
 94.620000
 89.990000
 85.360000
 80.730000
 76.100000
 71.470000
 66.840000
 62.210000
 57.580000
 52.950000
 48.320000
 43.690000
 39.060000
 34.430000
 29.800000
 25.170000
 20.540000
 15.928000
 12.568000
 10.060000
  8.404000
  8.322000
  9.896000
 12.322000
 15.600000
 20.130000
 24.760000
 29.390000
 34.020000
 38.650000
 43.280000
 47.910000
 52.540000
 57.170000
 61.800000
 66.430000
 71.060000
 75.690000
 80.320000
 84.950000
 89.148000
 89.274000
 85.160000
 80.530000
 75.900000
 71.270000
 66.640000
 62.010000
 57.380000
 52.750000
 48.120000
 43.490000
 38.860000
 34.230000
 29.600000
 24.970000
 20.340000
 16.368000
 12.664000
  9.980000
  8.564000
  8.162000
  9.576000
 12.042000
 15.700000
 20.330000
 24.960000
 29.590000
 34.220000
 38.850000
 43.480000
 48.110000
 52.740000
 57.370000
 62.000000
 66.630000
 71.260000
 75.890000
 80.520000
 85.150000
 89.780000
 93.646000
 97.040000
101.670000
106.300000
110.930000
115.560000
120.190000
124.820000
129.450000
134.080000
138.710000
141.000000
139.024000
134.400000
129.770000
125.140000
120.510000
115.880000
111.250000
106.620000
101.990000
 97.360000
 93.184000
 90.440000
 89.094000
 90.064000
 92.474000
 96.420000
101.050000
105.680000
110.310000
114.940000
119.570000
124.200000
128.830000
133.460000
138.090000
142.720000
147.280000
150.788000
154.088000
156.896000
159.148000
161.400000
162.852000
163.952000
164.000000
164.000000
164.460000
166.512000
168.546000
171.124000
174.102000
177.800000
182.344000
185.636000
188.414000
190.928000
192.590000
193.916000
194.000000
193.432000
191.518000
189.560000
186.816000
183.584000
180.008000
175.904000
172.450000
169.848000
167.494000
165.344000
164.000000
164.000000
164.000000
163.468000
161.884000
160.232000
157.980000
155.256000
152.114000
148.648000
144.930000
140.300000
135.670000
131.040000
126.410000
121.780000
117.150000
112.520000
107.890000
103.260000
 98.630000
 94.000000
