 61.000000
 63.728000
 66.856000
 69.984000
 72.208000
 73.480000
 74.456000
 75.632000
 76.608000
 77.784000
 78.960000
 80.072000
 81.112000
 82.288000
 83.464000
 84.480000
 87.848000
 88.608000
 87.632000
 86.456000
 85.480000
 84.304000
 83.328000
 82.152000
 81.152000
 80.000000
 78.848000
 77.848000
 76.672000
 75.696000
 74.520000
 73.544000
 72.368000
 71.392000
 70.216000
 69.400000
 72.680000
 77.560000
 82.440000
 86.992000
 88.000000
 88.000000
 88.000000
 88.000000
 88.000000
 88.000000
 88.000000
 88.000000
 88.000000
 88.000000
 88.000000
 88.376000
 90.456000
 93.712000
 98.016000
100.480000
101.856000
102.000000
102.000000
102.000000
102.000000
102.000000
102.000000
102.000000
102.000000
102.000000
102.000000
102.000000
104.840000
107.000000
107.000000
107.000000
107.000000
107.000000
107.000000
107.000000
107.000000
107.000000
107.000000
107.000000
107.280000
108.912000
111.528000
115.832000
118.952000
120.760000
121.000000
121.000000
121.000000
121.000000
121.000000
121.000000
121.000000
121.000000
121.000000
121.000000
121.000000
122.488000
127.240000
132.120000
137.000000
139.600000
138.648000
137.472000
136.496000
135.320000
134.344000
133.168000
132.184000
131.016000
129.880000
128.664000
127.688000
126.512000
125.536000
124.360000
123.384000
122.208000
121.032000
119.912000
119.960000
123.888000
125.472000
126.448000
127.624000
128.800000
129.776000
131.104000
132.128000
133.304000
134.280000
135.456000
136.632000
138.224000
141.336000
144.480000
147.072000
148.000000
147.024000
145.736000
144.760000
143.584000
142.408000
141.232000
140.256000
139.080000
138.008000
136.728000
135.552000
134.576000
133.200000
131.248000
129.296000
126.616000
123.688000
120.080000
115.720000
111.568000
113.024000
115.752000
117.560000
119.072000
119.888000
118.912000
117.472000
115.120000
112.752000
109.432000
105.160000
100.624000
 97.240000
 94.512000
 92.256000
 90.552000
 90.000000
 90.200000
 91.752000
 93.704000
 96.384000
 98.496000
 94.600000
 89.976000
 86.272000
 83.176000
 80.248000
 78.280000
 76.328000
 74.888000
 73.712000
 72.536000
 71.560000
 70.384000
 69.208000
 68.232000
 66.912000
 65.680000
 64.704000
 63.528000
 62.352000
 61.376000
 61.000000
100.000000
 97.848000
 96.400000
 97.656000
100.312000
103.920000
107.824000
111.528000
115.432000
119.136000
122.840000
126.608000
130.448000
134.152000
137.856000
141.720000
142.768000
139.432000
135.528000
131.824000
127.920000
124.216000
120.312000
116.608000
112.728000
109.000000
105.272000
101.392000
 97.688000
 93.784000
 90.080000
 86.176000
 82.472000
 78.568000
 74.864000
 71.120000
 70.000000
 70.000000
 70.000000
 69.672000
 65.800000
 60.920000
 56.040000
 51.160000
 46.280000
 41.400000
 36.520000
 31.640000
 26.760000
 21.880000
 17.000000
 12.496000
  9.696000
  8.072000
  8.504000
 10.920000
 14.424000
 19.160000
 24.040000
 28.920000
 33.800000
 38.680000
 43.560000
 48.440000
 53.320000
 58.200000
 63.080000
 67.960000
 70.000000
 67.280000
 62.400000
 57.520000
 52.640000
 47.760000
 42.880000
 38.000000
 33.120000
 28.240000
 23.360000
 18.480000
 13.880000
 10.632000
  8.368000
  8.208000
  9.968000
 13.040000
 17.680000
 22.560000
 27.440000
 32.320000
 37.200000
 42.080000
 46.960000
 51.840000
 56.720000
 61.600000
 66.480000
 69.872000
 70.000000
 70.000000
 70.000000
 71.528000
 75.408000
 79.112000
 83.016000
 86.720000
 90.624000
 94.328000
 98.224000
101.936000
105.680000
109.344000
113.248000
116.952000
120.856000
124.560000
128.464000
132.168000
135.872000
139.632000
142.640000
142.408000
139.112000
135.208000
131.504000
127.800000
123.896000
120.344000
116.488000
112.784000
108.880000
105.176000
101.472000
 98.184000
 96.416000
 97.320000
 99.608000
103.560000
107.464000
111.056000
114.960000
118.664000
122.368000
126.072000
129.976000
133.680000
137.488000
141.088000
144.792000
148.696000
152.200000
155.128000
158.056000
160.256000
162.208000
163.480000
164.000000
164.664000
167.016000
169.168000
172.240000
175.608000
179.448000
183.352000
186.792000
189.320000
191.832000
193.392000
194.000000
193.656000
192.160000
190.008000
187.384000
184.208000
179.880000
175.200000
171.872000
168.944000
166.744000
164.792000
164.000000
163.744000
162.568000
160.784000
158.832000
155.920000
152.992000
149.552000
145.848000
142.144000
138.240000
134.536000
130.832000
126.928000
123.368000
119.720000
115.816000
112.112000
108.408000
104.504000
100.000000
