     7.06418
     7.04905
     7.03386
     7.01862
     7.00333
     6.98801
     6.97265
     6.95727
     6.94187
     6.92644
     6.38723
     6.37272
     6.35818
     6.34361
     6.32902
     6.31441
     6.29979
     6.28515
     6.27051
     6.25586
     6.01173
     5.99795
     5.98417
      5.9704
     5.95662
     5.94285
     5.92908
     5.91532
     5.90156
     5.88782
     6.38564
     6.37164
     6.35766
      6.3437
     6.32976
     6.31584
     6.30195
     6.28807
     6.27422
     6.26039
     6.85561
     6.84135
     6.82712
     6.81293
     6.79876
     6.78463
     6.77052
     6.75645
     6.74241
      6.7284
     7.20194
     7.18793
     7.17396
     7.16002
     7.14611
     7.13224
      7.1184
     7.10459
     7.09082
     7.07708
     6.58778
     6.57576
     6.56377
      6.5518
     6.53986
     6.52794
     6.51605
     6.50419
     6.49236
     6.48055
     5.40246
     5.39313
     5.38382
     5.37452
     5.36525
     5.35599
     5.34675
     5.33754
     5.32834
     5.31916
     4.41804
     4.41106
     4.40409
     4.39714
      4.3902
     4.38327
     4.37635
     4.36945
     4.36256
     4.35569
     3.23405
     3.22942
     3.22479
     3.22018
     3.21557
     3.21097
     3.20638
      3.2018
     3.19722
     3.19266
     2.05236
     2.04955
     2.04676
     2.04397
     2.04119
     2.03841
     2.03564
     2.03288
     2.03012
     2.02737
     0.93739
    0.935785
    0.934188
    0.932597
    0.931014
    0.929438
    0.927869
    0.926307
    0.924752
    0.923203
   -0.103144
   -0.104127
     -0.1051
   -0.106063
   -0.107017
   -0.107961
   -0.108896
   -0.109821
   -0.110737
   -0.111644
    -1.27695
    -1.27783
    -1.27869
    -1.27953
    -1.28036
    -1.28118
    -1.28198
    -1.28276
    -1.28353
    -1.28429
    -2.44847
    -2.44976
    -2.45102
    -2.45226
    -2.45348
    -2.45468
    -2.45585
      -2.457
    -2.45812
    -2.45922
    -3.08094
    -3.08283
    -3.08469
    -3.08651
     -3.0883
    -3.09005
    -3.09177
    -3.09346
     -3.0951
    -3.09671
    -3.39476
    -3.39729
    -3.39978
    -3.40222
    -3.40461
    -3.40695
    -3.40924
    -3.41147
    -3.41365
    -3.41578
     -3.5851
    -3.58825
    -3.59137
    -3.59445
     -3.5975
    -3.60051
    -3.60348
    -3.60641
    -3.60929
    -3.61213
    -2.61151
    -2.61498
    -2.61846
    -2.62193
    -2.62539
    -2.62884
    -2.63229
    -2.63573
    -2.63916
    -2.64258
    -1.42646
     -1.4326
    -1.43874
    -1.44487
    -1.45099
     -1.4571
    -1.46321
    -1.46931
    -1.47539
    -1.48146
    -0.42971
   -0.440544
   -0.451354
   -0.462137
   -0.472891
   -0.483611
   -0.494294
   -0.504936
   -0.515534
   -0.526083
    0.764552
    0.749506
    0.734501
    0.719541
    0.704629
    0.689769
    0.674966
    0.660224
    0.645547
    0.630937
     1.75364
     1.73544
     1.71729
     1.69919
     1.68115
     1.66318
     1.64527
     1.62742
     1.60966
     1.59197
     2.94336
     2.92169
     2.90008
     2.87853
     2.85705
     2.83563
     2.81429
     2.79302
     2.77183
     2.75071
     3.95928
     3.93377
     3.90832
     3.88295
     3.85765
     3.83243
      3.8073
     3.78224
     3.75727
     3.73239
     5.12969
     5.09967
     5.06974
      5.0399
     5.01014
     4.98048
      4.9509
     4.92141
     4.89202
     4.86272
      6.3031
     6.26794
     6.23288
     6.19791
     6.16305
     6.12829
     6.09363
     6.05908
     6.02463
     5.99028
     7.32541
     7.28497
     7.24465
     7.20445
     7.16437
      7.1244
     7.08455
     7.04483
     7.00521
     6.96572
     8.52168
     8.47616
     8.43078
     8.38552
     8.34039
     8.29538
      8.2505
     8.20575
     8.16112
     8.11661
      9.5045
      9.4566
     9.40882
     9.36115
      9.3136
     9.26617
     9.21885
     9.17164
     9.12454
     9.07755
     10.6705
     10.6233
     10.5761
      10.529
     10.4819
     10.4349
      10.388
     10.3411
     10.2943
     10.2476
     11.6171
     11.5746
     11.5321
     11.4894
     11.4467
      11.404
     11.3612
     11.3183
     11.2754
     11.2325
     12.7538
     12.7183
     12.6825
     12.6463
     12.6099
     12.5731
     12.5361
     12.4988
     12.4613
     12.4236
     13.6922
     13.6642
     13.6354
      13.606
     13.5759
     13.5451
     13.5137
     13.4818
     13.4494
     13.4164
     14.8422
     14.8196
     14.7959
     14.7709
     14.7449
     14.7178
     14.6896
     14.6606
     14.6306
     14.5997
     15.6404
     15.6221
     15.6022
     15.5807
     15.5577
     15.5332
     15.5074
     15.4801
     15.4516
     15.4218
     12.3589
     12.3448
     12.3291
     12.3119
     12.2932
     12.2729
     12.2511
     12.2279
     12.2033
     12.1773
     7.50838
     7.49298
     7.47628
     7.45825
     7.43888
     7.41815
     7.39607
     7.37267
     7.34796
       7.322
      2.6871
     2.66408
     2.63994
     2.61465
     2.58818
      2.5605
      2.5316
     2.50148
     2.47016
     2.43765
    -1.78954
    -1.82409
    -1.85967
     -1.8963
    -1.93403
    -1.97287
    -2.01285
    -2.05398
    -2.09625
    -2.13965
    -2.78421
     -2.8207
    -2.85815
     -2.8966
     -2.9361
    -2.97667
    -3.01835
    -3.06118
    -3.10517
    -3.15035
    -2.79875
    -2.83265
     -2.8674
    -2.90306
    -2.93966
    -2.97723
    -3.01584
    -3.05551
     -3.0963
    -3.13822
      -2.816
    -2.84688
    -2.87851
    -2.91092
    -2.94415
    -2.97825
    -3.01326
    -3.04921
    -3.08617
    -3.12416
    -2.81716
    -2.84473
    -2.87294
    -2.90182
     -2.9314
    -2.96171
     -2.9928
    -3.02472
    -3.05749
    -3.09117
    -1.59453
     -1.6146
    -1.63519
    -1.65632
    -1.67802
    -1.70033
    -1.72328
     -1.7469
    -1.77123
    -1.79632
    0.464316
    0.453779
    0.442837
    0.431467
    0.419644
    0.407341
    0.394531
    0.381181
    0.367259
    0.352727
      3.3664
     3.36594
     3.36515
     3.36401
     3.36251
     3.36063
     3.35833
     3.35559
     3.35239
     3.34869
      7.1963
     7.20489
     7.21318
     7.22116
     7.22882
     7.23614
     7.24308
     7.24965
      7.2558
     7.26152
     10.2133
     10.2247
     10.2359
     10.2468
     10.2573
     10.2675
     10.2774
     10.2869
     10.2961
     10.3048
     12.4097
     12.4187
     12.4275
      12.436
     12.4441
     12.4519
     12.4592
     12.4663
      12.473
     12.4793
     13.7794
     13.7823
     13.7849
     13.7872
     13.7891
     13.7905
     13.7915
     13.7922
     13.7926
     13.7926
     13.5449
     13.5398
     13.5344
     13.5286
     13.5226
      13.516
      13.509
     13.5017
     13.4941
     13.4861
       11.51
     11.4999
     11.4895
     11.4788
     11.4678
     11.4564
     11.4446
     11.4325
       11.42
     11.4073
     8.28677
     8.27679
     8.26652
     8.25595
     8.24508
     8.23389
     8.22239
     8.21058
     8.19851
      8.1862
     3.99765
     3.99287
     3.98783
     3.98253
     3.97697
     3.97116
      3.9651
      3.9588
     3.95228
     3.94556
     1.53606
     1.53378
     1.53135
     1.52877
     1.52604
     1.52317
     1.52017
     1.51704
     1.51378
      1.5104
    0.162454
    0.158783
    0.155156
    0.151572
    0.148029
    0.144526
     0.14106
    0.137632
    0.134239
    0.130882
   0.0213131
   0.0151397
  0.00915218
  0.00334364
 -0.00229258
 -0.00776277
  -0.0130729
  -0.0182285
  -0.0232349
  -0.0280973
   0.0248553
   0.0178021
   0.0109607
  0.00432311
 -0.00211798
 -0.00836959
  -0.0144384
  -0.0203307
  -0.0260525
  -0.0316095
   0.0281352
   0.0209444
   0.0139458
  0.00713253
 0.000498063
 -0.00596377
  -0.0122588
  -0.0183927
  -0.0243707
  -0.0301979
   0.0304602
   0.0236124
   0.0169131
   0.0103571
  0.00393963
  -0.0023439
 -0.00849786
  -0.0145264
  -0.0204334
  -0.0262228
   0.0308577
   0.0250394
   0.0193018
   0.0136424
  0.00805862
  0.00254828
 -0.00289088
 -0.00826095
  -0.0135639
  -0.0188018
   0.0284245
   0.0240271
   0.0196489
   0.0152893
   0.0109482
  0.00662519
     0.00232
 -0.00196766
 -0.00623807
  -0.0104915
   0.0243202
   0.0213166
   0.0182895
   0.0152401
   0.0121696
  0.00907921
  0.00597001
  0.00284303
-0.000300741
 -0.00346039
    0.019278
   0.0177417
   0.0161407
   0.0144779
   0.0127559
   0.0109776
  0.00914547
  0.00726203
  0.00532962
  0.00335044
   0.0130938
   0.0132787
   0.0133454
   0.0132987
   0.0131437
    0.012885
   0.0125278
   0.0120768
   0.0115367
   0.0109116
    0.437123
    0.438777
    0.440231
     0.44149
    0.442564
    0.443459
    0.444187
    0.444758
    0.445184
    0.445472
     3.48106
     3.48013
     3.47898
     3.47761
     3.47602
     3.47422
      3.4722
        3.47
     3.46762
     3.46508
     1.15806
     1.15961
     1.16104
     1.16236
     1.16355
      1.1646
     1.16553
     1.16633
     1.16702
     1.16762
    -0.99809
   -0.994784
   -0.991531
   -0.988333
   -0.985189
     -0.9821
   -0.979066
   -0.976085
   -0.973153
   -0.970268
   -0.999244
   -0.995979
    -0.99275
   -0.989556
   -0.986397
   -0.983272
   -0.980181
   -0.977123
   -0.974096
   -0.971101
    -1.00045
   -0.997293
   -0.994171
   -0.991078
   -0.988013
   -0.984975
   -0.981966
   -0.978982
   -0.976025
   -0.973093
    -1.00149
   -0.998491
    -0.99552
   -0.992574
   -0.989652
   -0.986755
   -0.983881
    -0.98103
   -0.978202
   -0.975395
    -1.00227
   -0.999549
   -0.996848
   -0.994168
   -0.991508
   -0.988867
   -0.986245
   -0.983642
   -0.981056
   -0.978489
     -1.0028
    -1.00047
   -0.998162
   -0.995864
    -0.99358
   -0.991309
    -0.98905
   -0.986804
    -0.98457
   -0.982348
    -1.00294
    -1.00097
      -0.999
   -0.997041
   -0.995089
   -0.993144
   -0.991205
   -0.989273
   -0.987347
   -0.985428
    -1.00261
    -1.00089
   -0.999173
   -0.997455
   -0.995738
   -0.994024
   -0.992311
     -0.9906
    -0.98889
   -0.987183
    -1.00172
    -1.00004
   -0.998359
   -0.996679
      -0.995
   -0.993322
   -0.991646
   -0.989971
   -0.988298
   -0.986627
   -0.999832
   -0.997422
   -0.995029
   -0.992654
   -0.990295
   -0.987953
   -0.985628
   -0.983318
   -0.981024
   -0.978746
   -0.998314
    -0.99486
   -0.991443
   -0.988065
   -0.984723
   -0.981417
   -0.978146
    -0.97491
   -0.971709
    -0.96854
    -1.27689
    -1.27263
    -1.26841
    -1.26424
    -1.26011
    -1.25602
    -1.25197
    -1.24797
      -1.244
    -1.24008
    -2.89964
    -2.89397
    -2.88834
    -2.88275
     -2.8772
    -2.87168
    -2.86621
    -2.86078
    -2.85538
    -2.85003
    -5.49684
    -5.48991
    -5.48302
    -5.47616
    -5.46933
    -5.46254
    -5.45579
    -5.44906
    -5.44238
    -5.43572
    -9.11182
    -9.10458
    -9.09734
    -9.09012
    -9.08293
    -9.07576
    -9.06861
    -9.06149
    -9.05438
    -9.04728
    -11.2737
    -11.2693
    -11.2649
    -11.2605
     -11.256
    -11.2516
    -11.2472
    -11.2428
    -11.2384
    -11.2339
    -11.1182
    -11.1183
    -11.1183
    -11.1183
    -11.1183
    -11.1183
    -11.1183
    -11.1183
    -11.1182
    -11.1181
    -8.15846
     -8.1615
    -8.16453
    -8.16756
     -8.1706
    -8.17364
    -8.17668
    -8.17969
    -8.18268
    -8.18564
    -4.29412
    -4.29624
    -4.29834
    -4.30045
    -4.30255
    -4.30464
    -4.30672
    -4.30879
    -4.31083
    -4.31283
    -1.12474
    -1.12305
    -1.12133
    -1.11958
     -1.1178
    -1.11599
    -1.11414
    -1.11225
    -1.11032
    -1.10834
     0.99809
     1.00433
     1.01063
     1.01699
     1.02342
     1.02992
     1.03649
     1.04313
     1.04985
     1.05665
     1.94325
     1.95297
     1.96279
     1.97271
     1.98274
     1.99287
     2.00311
     2.01346
     2.02393
     2.03452
     1.93121
     1.94282
     1.95457
     1.96645
     1.97847
     1.99063
     2.00295
     2.01541
     2.02803
     2.04081
     1.92007
     1.93351
     1.94712
      1.9609
     1.97487
     1.98901
     2.00335
     2.01788
     2.03261
     2.04754
     1.90785
     1.92335
     1.93907
     1.95501
     1.97117
     1.98757
     2.00419
     2.02106
     2.03818
     2.05555
     1.89402
     1.91192
     1.93008
     1.94852
     1.96723
     1.98621
     2.00549
     2.02506
     2.04493
      2.0651
     1.88003
     1.90044
     1.92117
     1.94222
     1.96359
     1.98529
     2.00734
     2.02972
     2.05244
     2.07552
      1.8679
     1.89057
     1.91359
     1.93697
     1.96072
     1.98483
     2.00931
     2.03416
     2.05938
     2.08497
    0.390514
    0.412265
     0.43439
    0.456891
     0.47977
    0.503026
    0.526653
    0.550646
    0.574996
    0.599692
    -4.32098
    -4.30311
    -4.28486
    -4.26625
    -4.24727
    -4.22792
    -4.20823
    -4.18819
    -4.16784
    -4.14719
    -9.18133
    -9.16244
     -9.1432
    -9.12364
    -9.10374
    -9.08352
      -9.063
     -9.0422
    -9.02114
    -8.99985
    -14.0614
    -14.0374
    -14.0131
    -13.9885
    -13.9636
    -13.9385
     -13.913
    -13.8873
    -13.8614
    -13.8354
    -16.6317
    -16.6189
    -16.6061
    -16.5933
    -16.5804
    -16.5675
    -16.5545
    -16.5415
    -16.5285
    -16.5155
    -15.6786
    -15.6666
    -15.6545
    -15.6425
    -15.6304
    -15.6184
    -15.6063
    -15.5942
    -15.5821
      -15.57
    -14.5008
    -14.4897
    -14.4786
    -14.4676
    -14.4565
    -14.4455
    -14.4344
    -14.4233
    -14.4123
    -14.4012
     -13.524
    -13.5135
     -13.503
    -13.4926
    -13.4821
    -13.4717
    -13.4612
    -13.4508
    -13.4404
      -13.43
    -12.3459
    -12.3363
    -12.3267
    -12.3171
    -12.3076
     -12.298
    -12.2885
     -12.279
    -12.2695
      -12.26
     -11.366
    -11.3576
    -11.3492
    -11.3408
    -11.3324
     -11.324
    -11.3156
    -11.3072
    -11.2989
    -11.2905
    -9.98442
     -9.9777
    -9.97099
    -9.96428
    -9.95758
    -9.95088
    -9.94418
    -9.93749
     -9.9308
    -9.92412
    -9.19624
     -9.1907
    -9.18517
    -9.17964
    -9.17411
    -9.16859
    -9.16307
    -9.15755
    -9.15204
    -9.14653
    -8.02346
    -8.01937
    -8.01527
    -8.01118
    -8.00708
    -8.00299
     -7.9989
     -7.9948
    -7.99071
    -7.98662
    -6.88359
    -6.88072
    -6.87785
    -6.87498
     -6.8721
    -6.86923
    -6.86635
    -6.86347
    -6.86059
    -6.85771
    -5.66499
     -5.6631
     -5.6612
     -5.6593
     -5.6574
    -5.65549
    -5.65358
    -5.65167
    -5.64976
    -5.64785
    -4.68771
    -4.68642
    -4.68513
    -4.68383
    -4.68253
    -4.68123
    -4.67993
    -4.67862
    -4.67732
    -4.67601
    -3.51161
    -3.51074
    -3.50987
    -3.50899
    -3.50812
    -3.50724
    -3.50636
    -3.50547
    -3.50459
     -3.5037
    -2.53651
    -2.53577
    -2.53503
    -2.53429
    -2.53355
    -2.53281
    -2.53207
    -2.53133
    -2.53058
    -2.52984
     -1.3625
    -1.36171
    -1.36092
    -1.36013
    -1.35935
    -1.35856
    -1.35778
      -1.357
    -1.35623
    -1.35546
   -0.388524
   -0.387584
   -0.386649
   -0.385717
    -0.38479
   -0.383868
   -0.382952
   -0.382041
   -0.381137
    -0.38024
    0.785102
    0.786243
     0.78738
    0.788513
    0.789642
    0.790765
    0.791882
    0.792992
    0.794095
    0.795189
     4.29404
     4.29577
     4.29749
      4.2992
     4.30089
     4.30258
     4.30425
      4.3059
     4.30753
     4.30915
     8.05363
     8.05732
     8.06101
     8.06469
     8.06837
     8.07205
     8.07573
     8.07939
     8.08306
     8.08671
     8.00146
     8.00724
       8.013
     8.01874
     8.02445
     8.03015
     8.03582
     8.04146
     8.04707
     8.05265
     4.07271
      4.0797
     4.08666
     4.09358
     4.10047
     4.10732
     4.11413
      4.1209
     4.12762
      4.1343
     2.48398
     2.49237
     2.50072
     2.50904
     2.51732
     2.52556
     2.53376
     2.54192
     2.55003
     2.55809
     1.50287
     1.51259
     1.52226
     1.53191
     1.54151
     1.55107
      1.5606
     1.57007
     1.57951
      1.5889
    0.320856
    0.332162
    0.343431
    0.354661
    0.365852
    0.377002
    0.388111
    0.399176
    0.410199
    0.421177
   -0.862361
   -0.849199
   -0.836077
   -0.822996
   -0.809957
    -0.79696
   -0.784007
   -0.771097
   -0.758231
    -0.74541
     -1.8468
    -1.83158
    -1.81641
    -1.80128
    -1.78619
    -1.77115
    -1.75615
     -1.7412
    -1.72629
    -1.71143
    -3.18465
    -3.16695
     -3.1493
    -3.13169
    -3.11414
    -3.09663
    -3.07918
    -3.06177
    -3.04441
    -3.02709
     -4.2184
    -4.19832
     -4.1783
    -4.15832
     -4.1384
    -4.11853
    -4.09871
    -4.07893
    -4.05921
    -4.03953
    -4.94777
    -4.92587
    -4.90402
    -4.88222
    -4.86047
    -4.83877
    -4.81712
    -4.79552
    -4.77396
    -4.75245
    -4.03713
    -4.01563
    -3.99415
    -3.97271
     -3.9513
    -3.92991
    -3.90855
    -3.88723
    -3.86593
    -3.84466
    -1.92285
    -1.90335
    -1.88384
    -1.86431
    -1.84478
    -1.82524
    -1.80569
    -1.78614
    -1.76659
    -1.74703
    0.384997
    0.401219
     0.41752
    0.433893
    0.450333
    0.466836
    0.483395
    0.500006
    0.516665
    0.533367
     1.02673
     1.03984
      1.0531
      1.0665
     1.08003
     1.09367
     1.10742
     1.12127
     1.13521
     1.14924
     -1.3852
    -1.37464
    -1.36383
    -1.35281
    -1.34157
    -1.33015
    -1.31854
    -1.30677
    -1.29485
     -1.2828
    -4.51818
    -4.50901
    -4.49946
    -4.48956
    -4.47932
    -4.46876
     -4.4579
    -4.44675
    -4.43535
     -4.4237
    -7.10278
    -7.09472
    -7.08612
    -7.07699
    -7.06734
    -7.05718
    -7.04651
    -7.03537
    -7.02378
    -7.01176
    -8.03004
    -8.02251
     -8.0143
    -8.00541
    -7.99581
    -7.98551
    -7.97453
    -7.96289
    -7.95063
    -7.93778
    -7.06217
    -7.05386
    -7.04486
    -7.03515
     -7.0247
    -7.01349
    -7.00152
     -6.9888
    -6.97534
    -6.96117
    -5.78722
    -5.77711
    -5.76633
    -5.75483
    -5.74258
    -5.72955
    -5.71571
    -5.70105
    -5.68555
     -5.6692
    -4.81818
    -4.80694
    -4.79509
    -4.78261
    -4.76946
    -4.75561
    -4.74101
    -4.72564
    -4.70946
    -4.69243
     -3.6415
    -3.63053
    -3.61904
    -3.60702
    -3.59441
    -3.58121
    -3.56735
    -3.55282
    -3.53757
    -3.52155
    -2.46298
    -2.45262
    -2.44184
    -2.43061
     -2.4189
    -2.40668
    -2.39392
     -2.3806
    -2.36666
    -2.35209
    -1.28536
    -1.27549
    -1.26527
    -1.25468
    -1.24369
    -1.23229
    -1.22044
    -1.20812
     -1.1953
    -1.18195
   -0.305479
   -0.296474
   -0.287185
   -0.277597
   -0.267691
   -0.257448
   -0.246847
   -0.235866
    -0.22448
   -0.212662
    0.805544
    0.813399
    0.821473
    0.829779
    0.838331
    0.847142
    0.856229
    0.865608
    0.875297
    0.885317
    0.768285
    0.773968
    0.779823
    0.785858
    0.792085
    0.798514
    0.805158
    0.812027
    0.819137
    0.826502
    0.730076
      0.7338
    0.737657
    0.741654
    0.745797
    0.750092
     0.75455
     0.75918
    0.763992
    0.768996
    0.096876
   0.0986991
    0.100634
    0.102685
    0.104858
    0.107158
     0.10959
    0.112157
    0.114867
    0.117724
    -1.29291
    -1.29258
    -1.29214
    -1.29157
    -1.29084
    -1.28997
    -1.28896
    -1.28784
     -1.2866
    -1.28525
    -2.29068
    -2.29054
    -2.29031
    -2.28994
    -2.28932
    -2.28848
    -2.28749
    -2.28639
    -2.28518
    -2.28387
    -3.51617
    -3.51546
    -3.51465
    -3.51374
    -3.51268
    -3.51109
    -3.50922
     -3.5072
    -3.50508
    -3.50285
    -5.09641
    -5.09449
    -5.09244
    -5.09024
    -5.08786
    -5.08518
    -5.08217
    -5.07888
    -5.07541
    -5.07179
    -7.00176
    -6.99839
    -6.99485
    -6.99111
    -6.98715
    -6.98292
    -6.97839
     -6.9736
    -6.96859
     -6.9634
    -8.70746
    -8.70267
    -8.69768
    -8.69248
    -8.68706
    -8.68142
    -8.67556
    -8.66949
    -8.66324
    -8.65681
    -9.27147
    -9.26594
    -9.26027
    -9.25446
    -9.24852
    -9.24245
    -9.23626
    -9.22994
    -9.22349
    -9.21693
    -3.95799
    -3.95459
    -3.95115
    -3.94768
    -3.94419
    -3.94067
    -3.93712
    -3.93355
    -3.92995
    -3.92633
     2.78358
     2.78456
     2.78547
     2.78631
     2.78708
     2.78779
     2.78844
     2.78903
     2.78956
     2.79004
     3.37735
     3.37873
        3.38
     3.38118
     3.38226
     3.38325
     3.38415
     3.38497
      3.3857
     3.38636
     2.30017
     2.30245
     2.30464
     2.30673
     2.30873
     2.31064
     2.31246
      2.3142
     2.31586
     2.31745
      1.4235
     1.42631
     1.42904
     1.43168
     1.43425
     1.43673
     1.43915
     1.44149
     1.44376
     1.44596
   -0.173793
   -0.170377
    -0.16702
   -0.163719
   -0.160474
   -0.157281
    -0.15414
   -0.151049
   -0.148006
    -0.14501
    -2.32497
    -2.32107
    -2.31719
    -2.31334
     -2.3095
    -2.30569
     -2.3019
    -2.29813
    -2.29439
    -2.29066
    -3.19862
    -3.19486
     -3.1911
    -3.18735
    -3.18359
    -3.17984
     -3.1761
    -3.17235
    -3.16861
    -3.16488
    -3.87222
    -3.86869
    -3.86514
    -3.86157
      -3.858
     -3.8544
     -3.8508
    -3.84718
    -3.84356
    -3.83992
     -4.4855
    -4.48231
    -4.47908
    -4.47582
    -4.47252
     -4.4692
    -4.46584
    -4.46245
    -4.45904
     -4.4556
    -5.41836
    -5.41542
    -5.41241
    -5.40934
     -5.4062
      -5.403
    -5.39974
    -5.39643
    -5.39307
    -5.38967
    -6.63953
    -6.63713
    -6.63456
     -6.6318
    -6.62887
    -6.62578
    -6.62256
    -6.61921
    -6.61575
     -6.6122
    -6.42377
    -6.42268
    -6.42146
     -6.4201
    -6.41857
    -6.41684
    -6.41489
    -6.41275
    -6.41047
    -6.40808
    -4.60476
    -4.60423
    -4.60365
    -4.60303
    -4.60237
    -4.60167
    -4.60092
    -4.60013
     -4.5993
    -4.59843
    -3.89339
    -3.89302
    -3.89264
    -3.89223
    -3.89181
    -3.89137
    -3.89091
    -3.89044
    -3.88994
    -3.88943
    -3.05224
    -3.05209
    -3.05191
    -3.05172
    -3.05152
    -3.05131
    -3.05108
    -3.05084
    -3.05058
    -3.05032
    -2.19515
    -2.19521
    -2.19525
    -2.19529
    -2.19531
    -2.19532
    -2.19532
    -2.19531
    -2.19529
    -2.19526
    -1.54575
    -1.54597
    -1.54617
    -1.54637
    -1.54656
    -1.54674
    -1.54691
    -1.54707
    -1.54723
    -1.54737
   -0.472915
   -0.473438
   -0.473953
   -0.474462
   -0.474963
   -0.475458
   -0.475946
   -0.476427
   -0.476902
   -0.477371
    0.502003
    0.501209
    0.500418
    0.499632
     0.49885
    0.498071
    0.497296
    0.496526
    0.495758
    0.494994
    0.977238
    0.976376
    0.975515
    0.974656
    0.973798
    0.972941
    0.972086
    0.971232
    0.970379
    0.969527
     1.30045
     1.29955
     1.29865
     1.29775
     1.29685
     1.29594
     1.29504
     1.29414
     1.29323
     1.29233
     1.04424
     1.04338
     1.04253
     1.04168
     1.04082
     1.03997
     1.03912
     1.03827
     1.03743
     1.03658
    -3.25923
    -3.25895
    -3.25866
    -3.25835
    -3.25803
     -3.2577
    -3.25735
      -3.257
    -3.25663
    -3.25625
    -3.99098
    -3.99089
    -3.99078
    -3.99064
    -3.99049
    -3.99032
    -3.99013
    -3.98992
    -3.98969
    -3.98945
    -3.99602
    -3.99627
     -3.9965
    -3.99672
    -3.99691
    -3.99708
    -3.99723
    -3.99736
    -3.99747
    -3.99755
    -4.38858
    -4.38911
    -4.38963
    -4.39012
     -4.3906
    -4.39104
    -4.39147
    -4.39186
    -4.39223
    -4.39258
    -4.33915
    -4.33998
    -4.34077
    -4.34153
    -4.34225
    -4.34294
    -4.34358
    -4.34419
    -4.34477
    -4.34532
    -4.38887
    -4.39005
    -4.39121
    -4.39234
    -4.39341
    -4.39443
    -4.39539
     -4.3963
    -4.39717
    -4.39802
    -4.79661
    -4.79815
    -4.79967
    -4.80115
    -4.80256
     -4.8039
    -4.80517
     -4.8064
    -4.80761
    -4.80881
    -4.74887
    -4.75072
    -4.75252
    -4.75426
    -4.75591
    -4.75749
    -4.75901
    -4.76049
    -4.76196
    -4.76342
    -4.79188
     -4.7944
    -4.79689
    -4.79932
    -4.80169
    -4.80401
    -4.80628
    -4.80852
    -4.81075
    -4.81297
    -4.77348
    -4.77692
    -4.78035
    -4.78376
    -4.78716
    -4.79055
    -4.79394
    -4.79733
    -4.80072
    -4.80412
    -4.50358
    -4.50806
    -4.51256
    -4.51707
     -4.5216
    -4.52615
    -4.53072
    -4.53531
    -4.53993
    -4.54458
    -3.52573
     -3.5309
    -3.53611
    -3.54135
    -3.54663
    -3.55196
    -3.55733
    -3.56274
    -3.56819
     -3.5737
    -2.35013
    -2.35568
    -2.36128
    -2.36693
    -2.37265
    -2.37842
    -2.38425
    -2.39015
    -2.39611
    -2.40214
    -1.17506
    -1.18088
    -1.18676
    -1.19272
    -1.19876
    -1.20487
    -1.21107
    -1.21735
    -1.22371
    -1.23016
   -0.198313
     -0.2046
    -0.21098
   -0.217455
   -0.224028
   -0.230703
   -0.237482
   -0.244368
   -0.251364
   -0.258474
     1.12271
     1.11579
     1.10875
     1.10158
     1.09429
     1.08687
     1.07932
     1.07162
     1.06378
      1.0558
     2.35756
     2.34973
     2.34174
     2.33359
     2.32528
     2.31681
     2.30816
     2.29935
     2.29035
     2.28118
     3.33801
     3.32907
     3.31993
     3.31061
     3.30108
     3.29136
     3.28143
      3.2713
     3.26095
     3.25039
     4.51599
      4.5063
     4.49639
     4.48626
      4.4759
     4.46531
      4.4545
     4.44345
     4.43217
     4.42066
     5.68729
     5.67806
     5.66858
     5.65884
     5.64882
     5.63852
     5.62796
     5.61714
     5.60607
     5.59477
     6.65585
     6.64735
     6.63863
     6.62968
     6.62049
     6.61105
      6.6014
     6.59153
     6.58147
     6.57124
     7.02855
     7.02017
      7.0116
     7.00285
     6.99389
     6.98474
      6.9754
      6.9659
     6.95626
     6.94649
    -6.04473
    -6.02709
     -6.0096
    -5.99226
    -5.97506
    -5.95801
     -5.9411
    -5.92431
    -5.90765
    -5.89112
    -6.46783
     -6.4508
    -6.43391
    -6.41714
    -6.40049
    -6.38396
    -6.36754
    -6.35123
    -6.33503
    -6.31893
    -6.88865
    -6.87302
    -6.85747
      -6.842
    -6.82661
     -6.8113
    -6.79606
    -6.78089
    -6.76579
    -6.75076
    -8.11427
    -8.09839
    -8.08253
    -8.06669
    -8.05087
    -8.03508
    -8.01931
    -8.00357
    -7.98785
    -7.97216
    -8.83559
    -8.81988
    -8.80414
    -8.78836
    -8.77257
    -8.75675
    -8.74092
    -8.72508
    -8.70924
    -8.69338
    -9.43369
    -9.41844
     -9.4031
    -9.38768
    -9.37221
    -9.35667
    -9.34108
    -9.32545
    -9.30978
    -9.29408
     -9.0715
    -9.05814
     -9.0447
    -9.03118
    -9.01759
    -9.00394
    -8.99024
    -8.97649
     -8.9627
    -8.94887
    -8.13763
    -8.12679
     -8.1159
    -8.10496
    -8.09397
    -8.08293
    -8.07186
    -8.06074
     -8.0496
    -8.03843
    -7.40495
     -7.3963
     -7.3876
    -7.37887
    -7.37009
    -7.36128
    -7.35244
    -7.34357
    -7.33467
    -7.32575
    -6.47224
    -6.46603
    -6.45979
     -6.4535
    -6.44717
    -6.44082
    -6.43443
    -6.42801
    -6.42157
     -6.4151
    -5.54115
    -5.53702
    -5.53285
    -5.52865
    -5.52441
    -5.52014
    -5.51584
    -5.51151
    -5.50716
    -5.50277
    -4.67599
    -4.67342
    -4.67082
    -4.66818
    -4.66552
    -4.66282
    -4.66009
    -4.65734
    -4.65456
    -4.65176
    -3.88457
     -3.8831
    -3.88159
    -3.88006
     -3.8785
    -3.87692
     -3.8753
    -3.87366
      -3.872
    -3.87031
    -2.95903
     -2.9583
    -2.95755
    -2.95677
    -2.95597
    -2.95514
    -2.95429
    -2.95341
    -2.95251
    -2.95158
    -2.03531
     -2.0349
    -2.03446
      -2.034
    -2.03351
      -2.033
    -2.03246
     -2.0319
    -2.03132
    -2.03072
    -1.65114
    -1.65076
    -1.65035
    -1.64991
    -1.64944
    -1.64895
    -1.64843
    -1.64788
     -1.6473
     -1.6467
    -2.41426
    -2.41416
    -2.41401
    -2.41381
    -2.41358
    -2.41329
    -2.41297
    -2.41259
    -2.41217
    -2.41171
    -3.13352
    -3.13434
    -3.13511
    -3.13583
    -3.13651
    -3.13713
    -3.13769
     -3.1382
    -3.13865
    -3.13904
    -3.84606
    -3.84873
    -3.85138
      -3.854
     -3.8566
    -3.85918
    -3.86173
    -3.86425
    -3.86673
    -3.86919
    -4.75334
    -4.75825
     -4.7632
    -4.76819
    -4.77322
    -4.77829
    -4.78341
    -4.78856
    -4.79376
      -4.799
    -5.46819
    -5.47357
    -5.47907
    -5.48468
    -5.49041
    -5.49625
    -5.50221
    -5.50829
    -5.51448
    -5.52079
    -6.39197
    -6.39615
     -6.4005
    -6.40501
    -6.40967
     -6.4145
    -6.41948
    -6.42463
    -6.42992
    -6.43538
    -7.11848
    -7.12143
    -7.12456
    -7.12789
     -7.1314
    -7.13511
      -7.139
    -7.14307
    -7.14733
    -7.15176
    -8.04592
    -8.04737
    -8.04905
    -8.05095
    -8.05305
    -8.05537
    -8.05789
    -8.06061
    -8.06353
    -8.06665
    -8.79854
    -8.79832
    -8.79835
    -8.79863
    -8.79914
    -8.79989
    -8.80086
    -8.80206
    -8.80348
    -8.80511
    -9.70409
    -9.70188
    -9.69994
    -9.69826
    -9.69685
    -9.69569
    -9.69477
    -9.69409
    -9.69364
    -9.69342
    -10.6109
    -10.6063
    -10.6021
    -10.5982
    -10.5945
    -10.5911
     -10.588
    -10.5851
    -10.5824
      -10.58
     -11.366
    -11.3591
    -11.3526
    -11.3464
    -11.3405
    -11.3348
    -11.3295
    -11.3244
    -11.3195
    -11.3149
     -12.296
    -12.2871
    -12.2785
    -12.2702
    -12.2621
    -12.2543
    -12.2467
    -12.2394
    -12.2323
    -12.2255
    -13.0192
    -13.0102
    -13.0014
    -12.9927
    -12.9843
     -12.976
    -12.9678
    -12.9598
     -12.952
    -12.9443
    -13.9342
    -13.9272
    -13.9202
    -13.9131
    -13.9061
     -13.899
    -13.8919
    -13.8848
    -13.8777
    -13.8706
    -14.6424
    -14.6396
    -14.6365
     -14.633
    -14.6293
    -14.6253
    -14.6211
    -14.6165
    -14.6117
    -14.6067
    -15.5513
     -15.553
     -15.554
    -15.5543
    -15.5539
    -15.5529
    -15.5512
     -15.549
    -15.5461
    -15.5426
    -16.2658
    -16.2711
    -16.2753
    -16.2784
    -16.2804
    -16.2813
    -16.2812
      -16.28
    -16.2778
    -16.2746
    -17.1795
    -17.1882
    -17.1953
    -17.2008
    -17.2047
    -17.2071
    -17.2079
    -17.2073
    -17.2052
    -17.2017
    -18.0407
    -18.0548
    -18.0669
     -18.077
    -18.0851
    -18.0912
    -18.0954
    -18.0976
    -18.0979
    -18.0963
    -21.4823
    -21.5085
    -21.5324
    -21.5538
    -21.5728
    -21.5891
    -21.6029
     -21.614
    -21.6225
    -21.6284
    -25.9891
    -26.0376
    -26.0835
    -26.1267
    -26.1671
    -26.2044
    -26.2385
    -26.2693
    -26.2967
    -26.3206
    -30.4532
     -30.532
    -30.6085
    -30.6823
    -30.7533
    -30.8212
    -30.8856
    -30.9464
    -31.0032
    -31.0558
    -34.5776
    -34.6882
    -34.7969
    -34.9034
    -35.0075
    -35.1088
     -35.207
    -35.3017
    -35.3924
    -35.4788
     -35.252
    -35.3761
    -35.4989
    -35.6202
    -35.7398
    -35.8573
    -35.9725
     -36.085
    -36.1944
    -36.3003
    -34.9679
    -35.0958
     -35.223
    -35.3493
    -35.4744
    -35.5982
    -35.7205
    -35.8408
     -35.959
    -36.0746
    -34.6969
    -34.8263
    -34.9553
    -35.0838
    -35.2116
    -35.3386
    -35.4646
    -35.5895
    -35.7129
    -35.8346
    -34.4209
    -34.5494
    -34.6777
    -34.8059
    -34.9337
    -35.0611
    -35.1879
     -35.314
    -35.4393
    -35.5634
    -32.9418
    -33.0613
    -33.1808
    -33.3002
    -33.4195
    -33.5385
    -33.6573
    -33.7756
    -33.8935
    -34.0107
    -30.6481
    -30.7525
     -30.857
    -30.9614
    -31.0657
    -31.1698
    -31.2738
    -31.3775
    -31.4808
    -31.5837
    -27.5319
     -27.617
     -27.702
    -27.7868
    -27.8715
     -27.956
    -28.0402
    -28.1242
    -28.2078
    -28.2912
    -22.8754
    -22.9369
    -22.9983
    -23.0594
    -23.1203
    -23.1808
     -23.241
     -23.301
    -23.3606
      -23.42
    -16.5789
    -16.6166
     -16.654
    -16.6911
    -16.7279
    -16.7643
    -16.8003
    -16.8361
    -16.8717
     -16.907
    -9.40922
    -9.42945
    -9.44953
    -9.46937
     -9.4888
    -9.50782
     -9.5266
     -9.5452
    -9.56365
    -9.58196
    -1.34735
    -1.36078
    -1.37419
    -1.38751
    -1.40059
     -1.4132
     -1.4256
    -1.43793
    -1.45021
    -1.46245
     7.64286
     7.62317
     7.60343
     7.58366
     7.56392
     7.54449
     7.52522
       7.506
     7.48677
     7.46753
     15.0882
     15.0522
     15.0162
     14.9801
     14.9441
     14.9082
     14.8724
     14.8366
     14.8009
     14.7652
     21.3949
     21.3369
     21.2789
      21.221
     21.1633
     21.1056
      21.048
     20.9905
     20.9332
     20.8759
      25.654
      25.576
     25.4981
     25.4205
      25.343
     25.2657
     25.1887
     25.1118
     25.0352
     24.9588
     27.9075
     27.8174
     27.7275
      27.638
     27.5487
     27.4598
     27.3711
     27.2828
     27.1947
      27.107
     29.0501
     28.9547
     28.8597
      28.765
     28.6707
     28.5766
     28.4829
     28.3896
     28.2966
     28.2039
     28.9464
     28.8513
     28.7566
     28.6622
      28.568
     28.4742
     28.3807
     28.2875
     28.1947
     28.1021
     28.6942
     28.6006
     28.5072
     28.4142
     28.3214
      28.229
     28.1368
     28.0449
     27.9534
     27.8621
     28.4408
     28.3486
     28.2567
     28.1651
     28.0738
     27.9827
      27.892
     27.8016
     27.7114
     27.6216
     28.1878
     28.0968
      28.006
     27.9155
     27.8253
     27.7355
     27.6459
     27.5566
     27.4677
      27.379
     27.9366
     27.8465
     27.7567
     27.6671
     27.5779
      27.489
     27.4005
     27.3122
     27.2242
     27.1366
     27.6864
     27.5974
     27.5088
     27.4204
     27.3324
     27.2447
     27.1573
     27.0703
     26.9835
     26.8971
     27.4362
     27.3487
     27.2614
     27.1745
     27.0879
     27.0016
     26.9156
     26.8299
     26.7446
     26.6595
     27.1864
     27.1004
     27.0147
     26.9292
     26.8441
     26.7593
     26.6748
     26.5906
     26.5068
     26.4232
     26.9344
     26.8506
     26.7672
     26.6839
      26.601
     26.5184
     26.4361
      26.354
     26.2722
     26.1908
     26.2338
     26.1568
     26.0801
     26.0036
     25.9273
     25.8512
     25.7754
     25.6998
     25.6244
     25.5492
     21.4115
     21.3579
     21.3042
     21.2507
     21.1972
     21.1438
     21.0905
     21.0372
     20.9841
      20.931
      15.197
      15.166
      15.135
     15.1041
     15.0732
     15.0424
     15.0115
     14.9807
       14.95
     14.9192
     13.2633
     13.2405
     13.2177
      13.195
     13.1723
     13.1496
     13.1269
     13.1042
     13.0816
      13.059
     13.5066
     13.4848
     13.4631
     13.4413
     13.4196
      13.398
     13.3763
     13.3547
     13.3332
     13.3116
     13.7558
     13.7337
     13.7116
     13.6896
     13.6676
     13.6456
     13.6237
     13.6018
       13.58
     13.5582
     14.0064
     13.9837
      13.961
     13.9383
     13.9157
     13.8932
     13.8707
     13.8482
     13.8257
     13.8033
      14.257
     14.2336
     14.2102
     14.1868
     14.1635
     14.1402
      14.117
     14.0938
     14.0707
     14.0476
     14.5066
     14.4824
     14.4583
     14.4342
     14.4101
     14.3861
     14.3621
     14.3382
     14.3143
     14.2905
     14.7557
     14.7307
     14.7057
     14.6808
     14.6559
     14.6311
     14.6063
     14.5816
      14.557
     14.5324
      15.005
     14.9791
     14.9533
     14.9275
     14.9018
     14.8761
     14.8505
     14.8249
     14.7994
      14.774
     15.2544
     15.2277
      15.201
     15.1744
     15.1478
     15.1212
     15.0948
     15.0684
      15.042
     15.0157
     15.5038
     15.4761
     15.4485
     15.4209
     15.3934
     15.3659
     15.3385
     15.3111
     15.2838
     15.2566
     15.7511
     15.7227
     15.6942
     15.6659
     15.6376
     15.6093
     15.5811
     15.5529
     15.5248
     15.4967
     15.7146
     15.6867
     15.6587
     15.6308
      15.603
     15.5752
     15.5474
     15.5197
     15.4921
     15.4645
     14.3248
     14.3002
     14.2757
     14.2512
     14.2268
     14.2024
      14.178
     14.1537
     14.1294
     14.1052
     11.9559
     11.9359
     11.9161
     11.8962
     11.8764
     11.8566
     11.8369
     11.8172
     11.7975
     11.7779
     8.15505
     8.13995
     8.12488
     8.10984
     8.09483
     8.07985
     8.06491
     8.04999
     8.03511
     8.02025
     2.72227
     2.71088
     2.69951
     2.68817
     2.67685
     2.66557
     2.65432
      2.6431
      2.6319
     2.62072
     -2.9841
    -2.99532
    -3.00651
    -3.01767
    -3.02879
    -3.03988
    -3.05093
    -3.06195
    -3.07295
    -3.08393
    -8.96811
    -8.98389
    -8.99965
    -9.01539
     -9.0311
    -9.04677
    -9.06242
    -9.07805
    -9.09367
    -9.10926
    -14.1639
    -14.1893
    -14.2147
    -14.2401
    -14.2655
     -14.291
    -14.3164
    -14.3418
    -14.3673
    -14.3928
     -17.557
    -17.5928
    -17.6286
    -17.6645
    -17.7004
    -17.7364
    -17.7725
    -17.8086
    -17.8447
    -17.8809
    -19.9157
    -19.9603
     -20.005
    -20.0498
    -20.0946
    -20.1396
    -20.1846
    -20.2297
    -20.2749
    -20.3201
    -21.1119
    -21.1613
    -21.2108
    -21.2603
    -21.3099
    -21.3596
    -21.4094
    -21.4592
    -21.5091
    -21.5591
    -21.3631
    -21.4133
    -21.4634
    -21.5137
    -21.5639
    -21.6142
    -21.6646
    -21.7149
    -21.7653
    -21.8156
    -21.6191
    -21.6692
    -21.7193
    -21.7694
    -21.8194
    -21.8694
    -21.9194
    -21.9693
    -22.0191
    -22.0689
    -21.8773
     -21.927
    -21.9766
     -22.026
    -22.0754
    -22.1246
    -22.1737
    -22.2226
    -22.2713
    -22.3198
     -22.138
    -22.1868
    -22.2353
    -22.2836
    -22.3317
    -22.3795
     -22.427
    -22.4742
     -22.521
    -22.5675
    -22.4027
    -22.4499
    -22.4967
    -22.5431
     -22.589
    -22.6346
    -22.6796
    -22.7242
    -22.7682
    -22.8116
    -22.6765
    -22.7202
    -22.7633
    -22.8058
    -22.8477
     -22.889
    -22.9296
    -22.9694
    -23.0085
    -23.0468
    -21.5006
    -21.5335
    -21.5657
    -21.5972
    -21.6279
    -21.6578
     -21.687
    -21.7153
    -21.7427
    -21.7693
    -17.1052
    -17.1197
    -17.1336
    -17.1467
    -17.1593
    -17.1712
    -17.1824
    -17.1929
    -17.2028
     -17.212
    -12.5552
    -12.5568
    -12.5579
    -12.5585
    -12.5587
    -12.5584
    -12.5577
    -12.5566
     -12.555
     -12.553
    -7.96169
    -7.95951
    -7.95699
    -7.95415
    -7.95103
    -7.94763
    -7.94397
    -7.94006
    -7.93589
    -7.93147
    -4.88173
    -4.88384
    -4.88586
    -4.88779
    -4.88963
     -4.8914
    -4.89309
    -4.89472
    -4.89627
    -4.89777
    -4.13508
    -4.13678
    -4.13842
    -4.14001
    -4.14156
    -4.14305
    -4.14451
    -4.14592
    -4.14729
    -4.14863
    -3.21173
     -3.2132
    -3.21464
    -3.21607
    -3.21748
    -3.21887
    -3.22025
    -3.22162
    -3.22297
     -3.2243
    -2.48738
    -2.48871
    -2.49006
    -2.49142
    -2.49279
    -2.49417
    -2.49555
    -2.49695
    -2.49834
    -2.49975
    -1.56244
    -1.56384
    -1.56527
    -1.56674
    -1.56823
    -1.56975
    -1.57129
    -1.57286
    -1.57445
    -1.57605
   -0.837365
   -0.838786
    -0.84025
   -0.841754
   -0.843294
   -0.844867
    -0.84647
   -0.848101
   -0.849759
    -0.85144
   -0.676087
   -0.677397
   -0.678741
   -0.680116
   -0.681521
   -0.682953
    -0.68441
    -0.68589
   -0.687391
   -0.688912
    -1.17876
    -1.17972
    -1.18071
    -1.18172
    -1.18274
    -1.18379
    -1.18486
    -1.18594
    -1.18703
    -1.18815
   -0.262277
     -0.2632
   -0.264142
   -0.265103
    -0.26608
   -0.267074
   -0.268082
   -0.269104
    -0.27014
   -0.271188
    0.622009
     0.62121
    0.620393
    0.619562
    0.618716
    0.617856
    0.616983
    0.616097
    0.615199
     0.61429
     1.58624
     1.58555
     1.58486
     1.58415
     1.58343
     1.58269
     1.58194
     1.58119
     1.58042
     1.57964
     2.31076
     2.31023
     2.30968
     2.30911
     2.30854
     2.30795
     2.30735
     2.30674
     2.30612
     2.30549
     3.23512
     3.23471
     3.23428
     3.23384
     3.23338
     3.23291
     3.23243
     3.23194
     3.23143
     3.23091
     3.95981
     3.95953
     3.95923
     3.95891
     3.95858
     3.95824
     3.95787
      3.9575
      3.9571
      3.9567
     4.88434
     4.88416
     4.88396
     4.88374
      4.8835
     4.88324
     4.88296
     4.88266
     4.88233
     4.88199
      5.6091
     5.60906
       5.609
      5.6089
     5.60877
      5.6086
     5.60841
     5.60818
     5.60793
     5.60763
     6.53152
     6.53205
     6.53253
     6.53297
     6.53336
      6.5337
     6.53399
     6.53422
     6.53441
     6.53455
     5.11627
     5.11734
     5.11838
     5.11939
     5.12038
     5.12134
     5.12226
     5.12315
     5.12401
     5.12483
   -0.610192
   -0.609748
   -0.609304
   -0.608862
   -0.608421
   -0.607982
   -0.607544
   -0.607109
   -0.606676
   -0.606247
    -8.23108
    -8.23114
    -8.23114
    -8.23109
    -8.23097
    -8.23079
    -8.23054
    -8.23022
    -8.22983
    -8.22937
    -12.6298
    -12.6286
    -12.6273
    -12.6259
    -12.6243
    -12.6226
    -12.6207
    -12.6187
    -12.6166
    -12.6143
    -13.9662
    -13.9642
     -13.962
    -13.9598
    -13.9573
    -13.9547
     -13.952
    -13.9491
    -13.9461
     -13.943
     -14.694
    -14.6915
    -14.6888
    -14.6859
    -14.6829
    -14.6798
    -14.6765
     -14.673
    -14.6694
    -14.6657
    -15.6226
    -15.6192
    -15.6157
     -15.612
    -15.6082
    -15.6042
    -15.6001
    -15.5958
    -15.5914
    -15.5868
    -16.5513
    -16.5471
    -16.5428
    -16.5382
    -16.5335
    -16.5287
    -16.5237
    -16.5185
    -16.5132
    -16.5078
    -17.2801
    -17.2751
    -17.2699
    -17.2646
    -17.2591
    -17.2535
    -17.2477
    -17.2417
    -17.2357
    -17.2295
    -18.3622
    -18.3559
    -18.3495
     -18.343
    -18.3363
    -18.3294
    -18.3224
    -18.3152
     -18.308
    -18.3005
    -19.1399
    -19.1326
    -19.1252
    -19.1176
    -19.1098
     -19.102
    -19.0939
    -19.0858
    -19.0775
    -19.0691
    -19.6163
    -19.6078
    -19.5992
    -19.5904
    -19.5815
    -19.5726
    -19.5635
    -19.5543
    -19.5451
    -19.5357
    -18.4572
    -18.4486
      -18.44
    -18.4313
    -18.4226
    -18.4139
    -18.4052
    -18.3964
    -18.3876
    -18.3788
    -16.0988
    -16.0906
    -16.0826
    -16.0746
    -16.0667
    -16.0589
    -16.0512
    -16.0436
     -16.036
    -16.0285
    -11.4247
    -11.4178
    -11.4111
    -11.4046
    -11.3983
    -11.3922
    -11.3862
    -11.3805
    -11.3749
    -11.3694
    -5.73065
    -5.72464
    -5.71891
    -5.71346
    -5.70828
    -5.70338
    -5.69874
    -5.69436
    -5.69024
    -5.68637
  -0.0244613
   -0.018637
  -0.0131713
 -0.00806504
 -0.00331776
   0.0010723
  0.00510807
  0.00879361
    0.012134
   0.0151352
     3.69184
     3.69855
     3.70481
     3.71059
     3.71591
     3.72075
     3.72512
     3.72901
     3.73244
     3.73541
     6.01989
     6.02883
     6.03721
     6.04498
     6.05214
     6.05866
     6.06453
     6.06975
     6.07432
     6.07823
     6.67734
     6.69038
     6.70278
     6.71448
     6.72544
     6.73563
     6.74502
     6.75359
     6.76133
     6.76825
     7.37251
     7.39152
     7.40989
     7.42755
     7.44442
     7.46046
      7.4756
     7.48981
     7.50304
     7.51525
     8.37165
     8.39795
     8.42367
     8.44872
     8.47302
      8.4965
     8.51907
     8.54064
     8.56115
     8.58051
      9.0674
     9.09891
     9.13001
     9.16064
     9.19072
     9.22019
     9.24894
     9.27689
     9.30393
     9.32995
      9.9778
     10.0115
     10.0449
      10.078
     10.1107
     10.1429
     10.1747
     10.2058
     10.2362
     10.2658
     10.8945
     10.9291
     10.9635
     10.9978
     11.0317
     11.0654
     11.0987
     11.1316
      11.164
     11.1958
     11.8136
     11.8487
     11.8837
     11.9185
     11.9532
     11.9877
      12.022
     12.0559
     12.0896
     12.1228
     12.5404
     12.5746
     12.6087
     12.6428
     12.6767
     12.7105
     12.7442
     12.7777
     12.8109
     12.8439
     13.4044
     13.4363
     13.4682
        13.5
     13.5316
     13.5632
     13.5947
      13.626
     13.6571
     13.6881
     13.1246
     13.1525
     13.1803
      13.208
     13.2355
      13.263
     13.2903
     13.3174
     13.3444
     13.3713
      12.849
     12.8723
     12.8954
     12.9183
     12.9409
     12.9634
     12.9856
     13.0076
     13.0295
     13.0511
     11.9846
     12.0023
     12.0197
     12.0368
     12.0536
       12.07
     12.0861
      12.102
     12.1178
     12.1334
     10.3659
     10.3781
       10.39
     10.4016
     10.4127
     10.4234
     10.4338
      10.444
     10.4542
     10.4642
     9.13532
     9.14425
     9.15308
     9.16165
     9.16957
      9.1769
     9.18397
     9.19091
     9.19776
     9.20453
      7.6691
      7.6773
     7.68546
     7.69357
     7.70152
     7.70846
     7.71496
     7.72132
      7.7276
     7.73382
     5.84121
     5.85088
      5.8605
     5.87004
     5.87945
      5.8886
     5.89744
     5.90603
     5.91449
     5.92286
     3.68062
     3.69385
     3.70701
     3.72009
     3.73307
     3.74592
     3.75862
     3.77118
     3.78363
       3.796
     1.71354
     1.73146
     1.74931
     1.76709
     1.78478
     1.80239
     1.81991
     1.83735
      1.8547
     1.87198
     0.88552
    0.907548
    0.929496
    0.951365
    0.973153
    0.994858
     1.01648
     1.03802
     1.05948
     1.08086
     2.40367
     2.42773
     2.45173
     2.47565
      2.4995
     2.52327
     2.54697
      2.5706
     2.59415
     2.61763
     3.76408
     3.78939
     3.81462
     3.83978
     3.86487
     3.88988
     3.91482
     3.93969
     3.96448
      3.9892
     3.98968
     4.01493
     4.04012
     4.06523
     4.09028
     4.11525
     4.14016
     4.16499
     4.18975
     4.21444
     4.81393
     4.83905
      4.8641
     4.88909
     4.91401
     4.93887
     4.96366
     4.98838
     5.01304
     5.03763
     5.43878
     5.46377
      5.4887
     5.51356
     5.53836
     5.56309
     5.58776
     5.61236
      5.6369
     5.66137
     6.61016
     6.63537
     6.66051
     6.68559
      6.7106
     6.73555
     6.76044
     6.78526
     6.81001
      6.8347
     6.06664
     6.09122
     6.11572
     6.14016
     6.16453
     6.18883
     6.21306
     6.23723
     6.26133
     6.28537
     4.94758
     4.97131
     4.99497
     5.01856
     5.04207
     5.06552
      5.0889
      5.1122
     5.13544
     5.15861
     4.02709
     4.05011
     4.07306
     4.09594
     4.11874
     4.14148
     4.16414
     4.18673
     4.20926
     4.23171
     3.16642
     3.18872
     3.21096
     3.23312
     3.25521
     3.27724
     3.29919
     3.32108
      3.3429
     3.36465
     1.98934
     2.01026
     2.03112
     2.05191
     2.07265
     2.09332
     2.11393
     2.13447
     2.15496
     2.17538
    0.534301
    0.551373
    0.568392
    0.585358
    0.602271
    0.619131
    0.635938
    0.652694
    0.669399
    0.686053
   -0.612742
   -0.601576
   -0.590429
     -0.5793
   -0.568186
   -0.557085
   -0.545997
   -0.534926
   -0.523873
   -0.512844
    -2.16081
    -2.15371
    -2.14661
    -2.13951
    -2.13242
    -2.12534
    -2.11826
    -2.11119
    -2.10412
    -2.09705
    -2.61683
    -2.61084
    -2.60486
    -2.59888
    -2.59292
    -2.58696
    -2.58101
    -2.57506
    -2.56912
    -2.56319
    -3.20668
     -3.2008
    -3.19493
    -3.18907
    -3.18321
    -3.17736
    -3.17152
    -3.16569
    -3.15986
    -3.15405
    -3.81353
    -3.80751
     -3.8015
     -3.7955
    -3.78951
    -3.78353
    -3.77755
    -3.77158
    -3.76563
    -3.75968
    -4.21316
    -4.20695
    -4.20074
    -4.19454
    -4.18835
    -4.18217
      -4.176
    -4.16983
    -4.16368
    -4.15754
    -3.98982
    -3.98352
    -3.97723
    -3.97094
    -3.96467
    -3.95841
    -3.95216
    -3.94592
    -3.93969
    -3.93347
    -2.76673
    -2.76045
    -2.75418
    -2.74792
    -2.74168
    -2.73544
    -2.72922
      -2.723
     -2.7168
    -2.71061
    -2.04295
    -2.03653
    -2.03012
    -2.02372
    -2.01734
    -2.01096
     -2.0046
    -1.99825
    -1.99192
    -1.98559
    -1.47107
    -1.46446
    -1.45785
    -1.45126
    -1.44468
    -1.43812
    -1.43156
    -1.42502
     -1.4185
    -1.41198
    -1.42184
    -1.41499
    -1.40815
    -1.40133
    -1.39452
    -1.38772
    -1.38093
    -1.37416
     -1.3674
    -1.36065
   -0.817257
   -0.809964
   -0.802683
   -0.795415
   -0.788159
   -0.780915
   -0.773684
   -0.766466
    -0.75926
   -0.752066
   -0.028219
   -0.020737
  -0.0132664
 -0.00580721
   0.0016404
  0.00907638
   0.0165007
   0.0239132
   0.0313138
   0.0387026
    0.228775
    0.235878
    0.242972
    0.250055
    0.257128
    0.264191
    0.271243
    0.278285
    0.285316
    0.292336
    0.873127
    0.879592
    0.886047
    0.892492
    0.898924
    0.905346
    0.911755
    0.918152
    0.924537
     0.93091
     1.07421
     1.08004
     1.08585
     1.09164
     1.09741
     1.10317
      1.1089
     1.11462
     1.12033
     1.12602
     1.37268
     1.37817
     1.38364
     1.38908
     1.39451
      1.3999
     1.40525
     1.41059
     1.41589
     1.42118
     2.02801
      2.0335
     2.03896
      2.0444
     2.04979
     2.05514
     2.06044
     2.06571
     2.07095
     2.07618
     2.22806
      2.2337
     2.23931
     2.24487
     2.25038
     2.25584
     2.26126
     2.26665
     2.27201
     2.27736
     2.51815
     2.52472
     2.53127
     2.53779
     2.54426
     2.55069
     2.55709
     2.56346
     2.56981
     2.57615
     2.74529
     2.75356
     2.76182
     2.77006
     2.77829
     2.78651
     2.79472
     2.80292
     2.81112
     2.81931
     2.72111
     2.73125
     2.74139
     2.75153
     2.76168
     2.77183
     2.78199
     2.79215
     2.80231
     2.81249
     1.98983
     2.00133
     2.01285
     2.02437
     2.03591
     2.04746
     2.05901
     2.07058
     2.08216
     2.09374
     1.06318
      1.0753
     1.08743
     1.09957
     1.11171
     1.12386
       1.136
     1.14815
     1.16029
     1.17244
    0.138891
    0.151188
     0.16348
    0.175766
    0.188043
    0.200309
    0.212562
      0.2248
    0.237019
    0.249217
   -0.585542
   -0.573156
   -0.560793
   -0.548455
   -0.536146
   -0.523869
   -0.511627
   -0.499424
   -0.487264
   -0.475152
    -1.65362
    -1.64105
    -1.62852
    -1.61605
    -1.60363
    -1.59128
    -1.57899
    -1.56677
    -1.55463
    -1.54257
    -2.63375
    -2.62103
    -2.60839
    -2.59584
    -2.58338
    -2.57102
    -2.55877
    -2.54663
     -2.5346
    -2.52271
    -3.35681
    -3.34429
    -3.33189
    -3.31962
    -3.30749
     -3.2955
    -3.28368
    -3.27201
    -3.26052
    -3.24922
     -4.2751
    -4.26367
     -4.2524
    -4.24129
    -4.23036
    -4.21962
    -4.20906
    -4.19871
    -4.18857
    -4.17865
    -5.18676
    -5.17788
    -5.16912
    -5.16048
    -5.15196
    -5.14356
    -5.13528
    -5.12714
    -5.11916
    -5.11135
    -5.89833
    -5.89197
    -5.88569
     -5.8795
    -5.87336
    -5.86729
    -5.86129
    -5.85537
    -5.84954
    -5.84381
    -6.01724
    -6.01213
    -6.00707
    -6.00207
     -5.9971
    -5.99215
    -5.98724
    -5.98236
    -5.97753
    -5.97277
