 27.000000
 27.986000
 28.172000
 28.758000
 29.344000
 29.930000
 30.516000
 31.302000
 32.176000
 32.948000
 33.720000
 34.692000
 35.664000
 36.836000
 38.008000
 39.180000
 40.352000
 41.524000
 42.696000
 44.068000
 45.560000
 46.812000
 47.984000
 49.434000
 51.192000
 52.900000
 54.308000
 55.866000
 57.624000
 59.382000
 61.140000
 62.898000
 64.656000
 66.414000
 68.372000
 70.330000
 72.488000
 74.646000
 76.672000
 78.816000
 81.160000
 83.504000
 85.848000
 88.192000
 90.920000
 93.280000
 95.780000
 98.710000
101.640000
104.570000
107.500000
109.944000
112.360000
115.032000
117.376000
119.720000
122.064000
124.408000
126.552000
128.522000
130.680000
132.838000
134.796000
136.754000
138.512000
140.270000
142.028000
143.786000
145.544000
147.302000
148.840000
150.218000
151.976000
153.734000
155.128000
156.300000
157.608000
159.044000
160.416000
161.588000
162.760000
163.932000
165.104000
166.276000
167.424000
168.410000
169.392000
170.164000
170.936000
171.754000
172.540000
173.126000
173.712000
174.298000
174.884000
175.070000
175.656000
176.000000
176.000000
175.358000
173.000000
170.642000
170.000000
170.000000
169.656000
169.070000
168.484000
167.898000
167.312000
166.726000
166.080000
165.308000
164.368000
163.582000
162.596000
161.620000
160.648000
159.476000
158.304000
157.132000
155.960000
154.588000
153.416000
152.044000
150.608000
149.100000
147.692000
146.134000
144.376000
142.812000
141.060000
139.302000
137.544000
135.786000
133.904000
131.960000
130.016000
127.872000
125.796000
123.638000
121.440000
119.096000
116.752000
114.408000
112.064000
109.720000
107.220000
104.290000
101.360000
 98.430000
 95.500000
 93.056000
 90.712000
 88.368000
 86.024000
 83.680000
 81.336000
 79.192000
 77.036000
 74.904000
 72.760000
 70.816000
 68.872000
 67.046000
 65.288000
 63.530000
 61.772000
 60.076000
 58.456000
 56.698000
 55.160000
 53.782000
 52.224000
 50.844000
 49.472000
 48.300000
 46.928000
 45.756000
 44.584000
 43.412000
 42.240000
 41.268000
 40.296000
 39.362000
 38.576000
 37.590000
 36.808000
 36.218000
 35.632000
 35.046000
 34.460000
 34.000000
 34.000000
 34.000000
 33.916000
 32.520000
 29.720000
 27.516000
 27.000000
 27.000000
 27.000000
 91.000000
 89.056000
 86.312000
 83.968000
 81.624000
 79.280000
 76.936000
 74.792000
 72.736000
 70.578000
 68.420000
 66.462000
 64.504000
 62.746000
 60.988000
 59.230000
 57.472000
 55.714000
 53.956000
 52.398000
 50.960000
 49.282000
 47.524000
 46.044000
 44.872000
 43.650000
 42.128000
 40.756000
 39.584000
 38.412000
 37.240000
 36.068000
 34.896000
 33.724000
 32.752000
 31.780000
 31.008000
 30.236000
 29.332000
 28.546000
 27.960000
 27.374000
 26.788000
 26.202000
 26.000000
 25.430000
 25.000000
 25.000000
 25.000000
 25.000000
 25.000000
 25.486000
 26.000000
 26.258000
 26.844000
 27.430000
 28.016000
 28.602000
 29.388000
 30.348000
 31.120000
 31.892000
 32.864000
 33.836000
 35.008000
 36.180000
 37.352000
 38.524000
 39.696000
 40.868000
 42.260000
 43.812000
 44.984000
 46.156000
 47.692000
 49.450000
 51.072000
 52.566000
 54.124000
 55.882000
 57.640000
 59.398000
 61.156000
 62.914000
 64.696000
 66.640000
 68.588000
 70.746000
 72.904000
 75.016000
 77.160000
 79.504000
 81.848000
 84.192000
 86.536000
 89.280000
 91.624000
 94.210000
 97.140000
 99.428000
100.000000
 99.428000
 97.140000
 94.210000
 91.624000
 89.280000
 86.936000
 84.592000
 82.248000
 79.904000
 77.620000
 75.462000
 73.472000
 71.328000
 69.384000
 67.430000
 65.472000
 63.714000
 61.956000
 60.198000
 58.440000
 56.882000
 55.124000
 53.566000
 52.072000
 50.650000
 49.128000
 47.756000
 46.584000
 45.218000
 44.040000
 42.868000
 41.696000
 40.524000
 39.476000
 38.490000
 37.504000
 36.718000
 35.864000
 35.092000
 34.360000
 33.774000
 33.188000
 32.602000
 32.016000
 31.430000
 31.000000
 31.000000
 31.000000
 31.000000
 31.000000
 31.486000
 32.072000
 32.658000
 33.244000
 33.830000
 34.416000
 35.202000
 35.976000
 36.774000
 37.560000
 38.546000
 39.532000
 40.636000
 41.808000
 42.980000
 44.152000
 45.386000
 46.696000
 47.868000
 49.260000
 50.812000
 52.184000
 53.734000
 55.292000
 57.050000
 58.608000
 60.366000
 62.124000
 63.882000
 65.640000
 67.598000
 69.556000
 71.552000
 73.696000
 75.640000
 77.788000
 80.128000
 82.472000
 84.816000
 87.160000
 89.630000
 92.560000
 95.490000
 98.336000
 99.870000
100.000000
 99.274000
 96.860000
 93.930000
 91.000000
