 27.000000
 27.996000
 28.392000
 28.988000
 29.584000
 30.380000
 31.152000
 31.772000
 32.568000
 33.564000
 34.560000
 35.556000
 36.552000
 37.696000
 38.888000
 40.080000
 41.272000
 42.596000
 43.856000
 45.048000
 46.560000
 48.032000
 49.536000
 51.016000
 52.512000
 54.300000
 55.992000
 57.676000
 59.464000
 61.252000
 63.040000
 64.904000
 66.888000
 68.872000
 70.856000
 72.840000
 75.024000
 77.356000
 79.592000
 81.776000
 84.160000
 86.544000
 89.160000
 91.712000
 94.120000
 97.100000
100.080000
103.060000
106.040000
109.016000
111.400000
113.980000
116.568000
118.952000
121.336000
123.520000
125.728000
128.088000
130.272000
132.256000
134.240000
136.224000
138.208000
140.044000
141.832000
143.620000
145.408000
147.064000
148.784000
150.572000
152.040000
153.548000
155.024000
156.524000
158.008000
159.200000
160.488000
161.784000
162.976000
164.168000
165.360000
166.476000
167.472000
168.468000
169.464000
170.460000
171.256000
171.904000
172.648000
173.444000
174.040000
174.636000
175.032000
175.628000
176.000000
176.000000
176.000000
176.000000
176.000000
175.796000
175.200000
175.000000
174.408000
173.812000
173.216000
172.620000
171.848000
171.056000
170.232000
169.436000
168.440000
167.444000
166.296000
165.104000
163.912000
162.720000
161.528000
160.336000
158.944000
157.428000
155.960000
154.768000
153.264000
151.476000
149.992000
148.500000
146.912000
145.124000
143.336000
141.548000
139.760000
137.972000
136.112000
134.128000
131.944000
129.820000
127.632000
125.444000
123.408000
121.024000
118.640000
116.256000
113.840000
111.088000
108.704000
105.900000
102.920000
 99.940000
 96.960000
 94.184000
 91.800000
 89.020000
 86.632000
 84.248000
 81.864000
 79.480000
 77.472000
 75.284000
 73.096000
 70.944000
 68.760000
 66.776000
 64.944000
 63.156000
 61.368000
 59.580000
 57.792000
 56.004000
 54.416000
 52.952000
 51.440000
 49.652000
 48.176000
 46.984000
 45.488000
 44.000000
 42.608000
 41.416000
 40.224000
 39.032000
 37.840000
 36.648000
 35.528000
 34.532000
 33.536000
 32.740000
 31.888000
 31.096000
 30.352000
 29.756000
 29.160000
 28.564000
 28.000000
 27.772000
 27.176000
 27.000000
 27.000000
 27.000000
 27.000000
 27.000000
 27.000000
 89.000000
 87.016000
 84.432000
 82.048000
 79.664000
 77.480000
 75.272000
 72.912000
 70.728000
 68.744000
 66.760000
 64.776000
 62.792000
 60.956000
 59.168000
 57.380000
 55.592000
 53.936000
 52.216000
 50.428000
 48.960000
 47.452000
 45.976000
 44.476000
 42.992000
 41.800000
 40.512000
 39.216000
 38.024000
 36.832000
 35.640000
 34.524000
 33.528000
 32.532000
 31.536000
 30.540000
 29.744000
 29.096000
 28.352000
 27.556000
 26.960000
 26.364000
 26.000000
 25.572000
 25.000000
 25.000000
 25.000000
 25.000000
 25.000000
 25.004000
 25.600000
 26.000000
 26.392000
 26.988000
 27.584000
 28.380000
 29.152000
 29.772000
 30.568000
 31.564000
 32.560000
 33.556000
 34.552000
 35.696000
 36.888000
 38.080000
 39.272000
 40.596000
 41.856000
 43.048000
 44.560000
 46.032000
 47.536000
 49.016000
 50.512000
 52.300000
 53.992000
 55.676000
 57.464000
 59.252000
 61.040000
 62.904000
 64.888000
 66.872000
 68.856000
 70.840000
 73.024000
 75.356000
 77.592000
 79.776000
 82.160000
 84.544000
 87.128000
 89.512000
 92.120000
 95.100000
 98.080000
101.060000
104.040000
106.816000
109.200000
111.980000
114.368000
116.752000
119.136000
121.520000
123.728000
125.916000
128.072000
130.256000
132.240000
134.224000
136.056000
137.844000
139.632000
141.420000
143.208000
144.996000
146.584000
148.048000
149.560000
151.348000
152.824000
154.016000
155.512000
157.000000
158.392000
159.584000
160.776000
161.968000
163.160000
164.352000
165.472000
166.468000
167.264000
168.120000
168.912000
169.704000
170.648000
171.244000
171.840000
172.436000
173.000000
173.228000
173.824000
174.000000
174.000000
174.000000
174.000000
173.796000
173.200000
173.000000
172.408000
171.812000
171.216000
170.620000
169.648000
168.856000
168.064000
167.236000
166.440000
165.444000
164.296000
163.104000
161.912000
160.720000
159.528000
158.336000
156.944000
155.428000
153.960000
152.768000
151.264000
149.476000
147.992000
146.500000
144.912000
143.124000
141.336000
139.548000
137.760000
135.972000
134.112000
132.128000
130.144000
127.960000
125.832000
123.644000
121.408000
119.024000
116.640000
114.256000
111.840000
109.088000
106.704000
103.900000
100.920000
 97.940000
 94.960000
 91.980000
 89.000000
