   0.0127946
   0.0127181
   0.0126416
   0.0125651
   0.0124887
   0.0124122
   0.0123358
   0.0122594
   0.0121831
   0.0121067
  0.00300697
  0.00290477
  0.00280261
  0.00270047
  0.00259837
  0.00249629
  0.00239425
  0.00229223
  0.00219025
   0.0020883
   -0.205481
   -0.205652
   -0.205822
   -0.205993
   -0.206163
   -0.206333
   -0.206503
   -0.206673
   -0.206843
   -0.207013
   -0.215433
   -0.215697
   -0.215961
   -0.216225
   -0.216488
   -0.216752
   -0.217015
   -0.217278
   -0.217542
   -0.217805
   -0.224715
    -0.22509
   -0.225464
   -0.225839
   -0.226214
   -0.226588
   -0.226962
   -0.227336
    -0.22771
   -0.228084
   -0.432322
   -0.432825
   -0.433328
    -0.43383
   -0.434332
   -0.434834
   -0.435336
   -0.435838
   -0.436339
    -0.43684
   -0.616163
   -0.616809
   -0.617455
   -0.618101
   -0.618747
   -0.619393
   -0.620038
   -0.620683
   -0.621327
   -0.621971
    -0.45041
   -0.451213
   -0.452016
   -0.452819
   -0.453621
   -0.454423
   -0.455224
   -0.456026
   -0.456826
   -0.457627
   -0.371901
   -0.372879
   -0.373856
   -0.374833
   -0.375809
   -0.376785
    -0.37776
   -0.378735
   -0.379709
   -0.380683
    -0.59324
   -0.594408
   -0.595576
   -0.596743
    -0.59791
   -0.599076
   -0.600241
   -0.601406
    -0.60257
   -0.603733
   -0.814503
   -0.815871
   -0.817238
   -0.818604
    -0.81997
   -0.821335
   -0.822699
   -0.824062
   -0.825424
   -0.826785
   -0.837022
   -0.838591
    -0.84016
   -0.841727
   -0.843294
    -0.84486
   -0.846424
   -0.847988
   -0.849551
   -0.851112
   -0.859652
   -0.861431
   -0.863208
   -0.864984
   -0.866759
   -0.868533
   -0.870306
   -0.872078
   -0.873848
   -0.875617
   -0.830524
    -0.83252
   -0.834515
   -0.836509
   -0.838501
   -0.840492
   -0.842482
    -0.84447
   -0.846457
   -0.848441
   -0.848836
   -0.851059
    -0.85328
     -0.8555
   -0.857718
   -0.859935
   -0.862149
   -0.864362
   -0.866574
   -0.868783
   -0.866976
   -0.869436
   -0.871894
    -0.87435
   -0.876805
   -0.879257
   -0.881708
   -0.884157
   -0.886603
   -0.889047
   -0.884876
   -0.887579
   -0.890279
   -0.892977
   -0.895673
   -0.898367
   -0.901059
   -0.903748
   -0.906434
   -0.909118
      -1.034
    -1.03695
    -1.03989
    -1.04284
    -1.04577
    -1.04871
    -1.05164
    -1.05457
     -1.0575
    -1.06043
    -1.11982
    -1.12301
     -1.1262
    -1.12938
    -1.13256
    -1.13574
    -1.13891
    -1.14208
    -1.14525
    -1.14841
   -0.939196
   -0.942626
   -0.946054
   -0.949479
   -0.952901
   -0.956319
   -0.959734
   -0.963144
    -0.96655
   -0.969951
   -0.956874
   -0.960564
    -0.96425
   -0.967933
   -0.971613
   -0.975288
   -0.978959
   -0.982625
   -0.986286
   -0.989942
    -1.17332
    -1.17728
    -1.18124
    -1.18519
    -1.18914
    -1.19308
    -1.19701
    -1.20095
    -1.20487
    -1.20879
    -1.50168
    -1.50591
    -1.51012
    -1.51434
    -1.51854
    -1.52274
    -1.52694
    -1.53113
    -1.53531
    -1.53948
    -1.52966
    -1.53413
     -1.5386
    -1.54306
    -1.54752
    -1.55197
    -1.55641
    -1.56085
    -1.56528
     -1.5697
     -1.2668
    -1.27153
    -1.27625
    -1.28097
    -1.28567
    -1.29038
    -1.29507
    -1.29976
    -1.30443
     -1.3091
    -1.34415
    -1.34914
    -1.35413
    -1.35911
    -1.36408
    -1.36905
      -1.374
    -1.37895
    -1.38388
    -1.38881
    -1.62469
    -1.62995
     -1.6352
    -1.64044
    -1.64567
    -1.65089
    -1.65611
    -1.66131
    -1.66649
    -1.67167
    -1.74815
    -1.75365
    -1.75914
    -1.76462
     -1.7701
    -1.77556
    -1.78101
    -1.78644
    -1.79186
    -1.79727
    -1.77609
    -1.78184
    -1.78757
    -1.79329
    -1.79901
    -1.80471
    -1.81039
    -1.81606
    -1.82171
    -1.82735
    -1.80403
    -1.81002
    -1.81599
    -1.82196
    -1.82791
    -1.83385
    -1.83977
    -1.84568
    -1.85156
    -1.85743
    -1.83191
    -1.83814
    -1.84436
    -1.85057
    -1.85675
    -1.86293
    -1.86908
    -1.87521
    -1.88132
    -1.88741
    -1.93553
      -1.942
    -1.94846
    -1.95491
    -1.96133
    -1.96774
    -1.97412
    -1.98048
    -1.98681
    -1.99312
    -2.15889
     -2.1656
     -2.1723
    -2.17898
    -2.18563
    -2.19227
    -2.19887
    -2.20545
      -2.212
    -2.21852
    -2.38264
    -2.38958
    -2.39649
    -2.40339
    -2.41025
    -2.41709
     -2.4239
    -2.43068
    -2.43742
    -2.44412
    -2.40735
    -2.41449
    -2.42161
    -2.42869
    -2.43575
    -2.44278
    -2.44977
    -2.45672
    -2.46363
     -2.4705
    -2.43217
     -2.4395
     -2.4468
    -2.45408
    -2.46132
    -2.46852
    -2.47567
    -2.48279
    -2.48986
    -2.49687
    -2.45703
    -2.46455
    -2.47203
    -2.47948
    -2.48689
    -2.49425
    -2.50156
    -2.50882
    -2.51603
    -2.52317
    -2.62946
    -2.63716
    -2.64483
    -2.65244
    -2.66001
    -2.66753
    -2.67499
    -2.68238
    -2.68971
    -2.69696
     -2.8382
    -2.84607
    -2.85389
    -2.86166
    -2.86936
      -2.877
    -2.88457
    -2.89207
    -2.89948
    -2.90681
    -2.87793
    -2.88593
    -2.89387
    -2.90175
    -2.90956
    -2.91729
    -2.92492
    -2.93247
    -2.93992
    -2.94727
    -2.91801
    -2.92612
    -2.93417
    -2.94214
    -2.95001
    -2.95779
    -2.96546
    -2.97301
    -2.98045
    -2.98776
    -2.95864
    -2.96685
    -2.97497
    -2.98298
    -2.99087
    -2.99864
    -3.00627
    -3.01377
    -3.02111
    -3.02831
    -3.23172
    -3.23998
    -3.24812
    -3.25612
    -3.26397
    -3.27165
    -3.27916
    -3.28649
    -3.29364
    -3.30061
    -3.44209
    -3.45035
    -3.45844
    -3.46635
    -3.47405
    -3.48153
     -3.4888
    -3.49584
    -3.50265
    -3.50924
    -3.12688
    -3.13508
    -3.14303
    -3.15072
    -3.15813
    -3.16525
    -3.17208
    -3.17863
    -3.18489
    -3.19089
    -3.75424
    -3.76208
    -3.76954
    -3.77663
    -3.78333
    -3.78965
    -3.79562
    -3.80125
    -3.80656
    -3.81157
    -4.24871
    -4.25547
    -4.26167
    -4.26734
    -4.27254
     -4.2773
    -4.28167
     -4.2857
    -4.28942
    -4.29287
    -4.32597
    -4.32954
    -4.33259
     -4.3352
    -4.33745
    -4.33941
    -4.34113
    -4.34264
    -4.34397
    -4.34514
    -4.41213
    -4.41008
    -4.40819
    -4.40642
    -4.40475
    -4.40317
    -4.40165
    -4.40019
    -4.39879
    -4.39742
    -4.48772
    -4.48148
    -4.47576
    -4.47047
    -4.46557
    -4.46099
     -4.4567
    -4.45266
    -4.44883
    -4.44521
    -3.95805
    -3.95039
    -3.94309
    -3.93615
    -3.92955
    -3.92329
    -3.91732
    -3.91164
    -3.90622
    -3.90103
    -4.10139
    -4.09328
    -4.08541
     -4.0778
    -4.07045
    -4.06336
    -4.05652
    -4.04993
    -4.04358
    -4.03746
     -4.2767
    -4.26848
    -4.26042
    -4.25254
    -4.24484
    -4.23735
    -4.23005
    -4.22295
    -4.21605
    -4.20935
    -3.99055
    -3.98235
    -3.97427
    -3.96631
     -3.9585
    -3.95083
    -3.94332
    -3.93596
    -3.92876
    -3.92172
     -4.0309
    -4.02276
     -4.0147
    -4.00674
    -3.99888
    -3.99114
    -3.98351
    -3.97601
    -3.96863
    -3.96139
    -3.87069
    -3.86265
    -3.85467
    -3.84677
    -3.83895
    -3.83121
    -3.82357
    -3.81602
    -3.80858
    -3.80125
    -3.73376
    -3.72586
    -3.71802
    -3.71022
     -3.7025
    -3.69484
    -3.68725
    -3.67975
    -3.67232
    -3.66499
     -3.7482
    -3.74046
    -3.73277
    -3.72511
    -3.71751
    -3.70997
    -3.70248
    -3.69506
    -3.68771
    -3.68043
    -3.78643
    -3.77886
    -3.77132
    -3.76381
    -3.75635
    -3.74893
    -3.74156
    -3.73424
    -3.72698
    -3.71978
    -3.79864
    -3.79124
    -3.78386
    -3.77651
    -3.76919
    -3.76191
    -3.75467
    -3.74747
    -3.74032
    -3.73322
    -3.62315
    -3.61593
    -3.60873
    -3.60156
    -3.59441
     -3.5873
    -3.58022
    -3.57318
    -3.56617
    -3.55921
    -3.44734
    -3.44034
    -3.43335
    -3.42638
    -3.41944
    -3.41252
    -3.40564
    -3.39878
    -3.39196
    -3.38517
    -3.47067
     -3.4639
    -3.45714
     -3.4504
    -3.44368
    -3.43698
     -3.4303
    -3.42366
    -3.41703
    -3.41044
    -3.34647
    -3.33993
    -3.33341
    -3.32691
    -3.32042
    -3.31395
     -3.3075
    -3.30107
    -3.29467
    -3.28829
    -3.37374
    -3.36744
    -3.36116
     -3.3549
    -3.34864
    -3.34241
    -3.33618
    -3.32998
     -3.3238
    -3.31764
    -3.40099
    -3.39494
     -3.3889
    -3.38287
    -3.37685
    -3.37085
    -3.36486
    -3.35888
    -3.35292
    -3.34699
    -3.42827
    -3.42246
    -3.41666
    -3.41086
    -3.40508
    -3.39931
    -3.39355
    -3.38781
    -3.38208
    -3.37636
    -3.32397
    -3.31841
    -3.31285
    -3.30731
    -3.30177
    -3.29624
    -3.29072
    -3.28521
    -3.27972
    -3.27424
    -3.28311
     -3.2778
     -3.2725
    -3.26721
    -3.26192
    -3.25664
    -3.25137
    -3.24611
    -3.24086
    -3.23563
    -3.30992
    -3.30488
    -3.29984
     -3.2948
    -3.28977
    -3.28475
    -3.27973
    -3.27472
    -3.26973
    -3.26474
    -3.23767
    -3.23288
    -3.22809
    -3.22331
    -3.21853
    -3.21376
      -3.209
    -3.20424
    -3.19949
    -3.19475
    -3.36451
    -3.35997
    -3.35544
    -3.35091
    -3.34639
    -3.34186
    -3.33735
    -3.33284
    -3.32834
    -3.32384
      -3.081
    -3.07672
    -3.07244
    -3.06817
    -3.06391
    -3.05964
    -3.05538
    -3.05113
    -3.04688
    -3.04264
    -2.82156
    -2.81754
    -2.81353
    -2.80952
    -2.80551
    -2.80151
    -2.79751
    -2.79351
    -2.78952
    -2.78554
     -2.9087
    -2.90494
    -2.90119
    -2.89743
    -2.89368
    -2.88993
    -2.88619
    -2.88245
    -2.87871
    -2.87498
     -2.9262
    -2.92269
    -2.91919
    -2.91568
    -2.91218
    -2.90869
    -2.90519
     -2.9017
    -2.89822
    -2.89473
    -2.90373
    -2.90047
    -2.89722
    -2.89397
    -2.89073
    -2.88748
    -2.88424
      -2.881
    -2.87776
    -2.87453
    -2.76194
    -2.75895
    -2.75595
    -2.75295
    -2.74996
    -2.74696
    -2.74397
    -2.74099
      -2.738
    -2.73502
    -2.58051
    -2.57776
    -2.57501
    -2.57225
     -2.5695
    -2.56675
    -2.56401
    -2.56126
    -2.55852
    -2.55578
    -2.59801
    -2.59549
    -2.59298
    -2.59046
    -2.58795
    -2.58544
    -2.58293
    -2.58042
    -2.57791
    -2.57541
    -2.61572
    -2.61344
    -2.61115
    -2.60887
    -2.60659
    -2.60432
    -2.60204
    -2.59976
    -2.59749
    -2.59521
    -2.55811
    -2.55606
    -2.55401
    -2.55195
     -2.5499
    -2.54785
     -2.5458
    -2.54375
     -2.5417
    -2.53966
    -2.38129
    -2.37946
    -2.37762
    -2.37579
    -2.37396
    -2.37213
     -2.3703
    -2.36847
    -2.36664
    -2.36481
    -2.20459
    -2.20297
    -2.20135
    -2.19973
    -2.19812
     -2.1965
    -2.19489
    -2.19327
    -2.19166
    -2.19004
     -2.0516
    -2.05019
    -2.04878
    -2.04737
    -2.04596
    -2.04455
    -2.04314
    -2.04173
    -2.04032
    -2.03891
    -2.05958
    -2.05836
    -2.05715
    -2.05594
    -2.05472
    -2.05351
     -2.0523
    -2.05109
    -2.04987
    -2.04866
    -1.87328
    -1.87225
    -1.87123
     -1.8702
    -1.86918
    -1.86815
    -1.86713
     -1.8661
    -1.86508
    -1.86405
     -1.7488
    -1.74795
    -1.74711
    -1.74626
    -1.74541
    -1.74456
    -1.74371
    -1.74287
    -1.74202
    -1.74117
    -1.71964
    -1.71895
    -1.71827
    -1.71759
     -1.7169
    -1.71622
    -1.71554
    -1.71486
    -1.71417
    -1.71349
    -1.69648
    -1.69595
    -1.69541
    -1.69488
    -1.69434
    -1.69381
    -1.69328
    -1.69274
    -1.69221
    -1.69168
    -1.50684
    -1.50643
    -1.50603
    -1.50563
    -1.50522
    -1.50482
    -1.50442
    -1.50402
    -1.50361
    -1.50321
    -1.51654
    -1.51625
    -1.51597
    -1.51568
     -1.5154
    -1.51511
    -1.51482
    -1.51454
    -1.51425
    -1.51397
     -1.3279
    -1.32771
    -1.32752
    -1.32734
    -1.32715
    -1.32696
    -1.32678
    -1.32659
    -1.32641
    -1.32622
    -1.33782
    -1.33771
     -1.3376
    -1.33749
    -1.33738
    -1.33727
    -1.33716
    -1.33704
    -1.33693
    -1.33682
    -1.12366
     -1.1236
    -1.12354
    -1.12348
    -1.12341
    -1.12335
    -1.12329
    -1.12323
    -1.12316
     -1.1231
   -0.934078
   -0.934045
   -0.934011
   -0.933977
   -0.933943
   -0.933909
   -0.933875
   -0.933841
   -0.933808
   -0.933774
   -0.346423
   -0.346401
    -0.34638
   -0.346359
   -0.346338
   -0.346317
   -0.346296
   -0.346274
   -0.346253
   -0.346232
 -0.00137318
 -0.00135571
 -0.00133824
 -0.00132077
  -0.0013033
 -0.00128583
 -0.00126836
 -0.00125089
 -0.00123342
 -0.00121595
 -0.00016619
-0.000148557
-0.000130925
-0.000113292
-9.56601E-05
-7.80279E-05
-6.03959E-05
 -4.2764E-05
-2.51321E-05
-7.50045E-06
   -0.434329
   -0.434307
   -0.434286
   -0.434264
   -0.434243
   -0.434221
     -0.4342
   -0.434179
   -0.434157
   -0.434136
    -2.18357
    -2.18354
    -2.18351
    -2.18348
    -2.18345
    -2.18342
    -2.18339
    -2.18337
    -2.18334
    -2.18331
    -4.35112
    -4.35107
    -4.35103
    -4.35099
    -4.35094
     -4.3509
    -4.35086
    -4.35081
    -4.35077
    -4.35073
    -4.40127
     -4.4012
    -4.40113
    -4.40106
    -4.40099
    -4.40092
    -4.40085
    -4.40078
    -4.40071
    -4.40064
    -3.80695
    -3.80684
    -3.80673
    -3.80662
    -3.80651
     -3.8064
    -3.80629
    -3.80618
    -3.80607
    -3.80596
    -3.55594
    -3.55578
    -3.55561
    -3.55545
    -3.55529
    -3.55513
    -3.55497
     -3.5548
    -3.55464
    -3.55448
    -3.54657
    -3.54635
    -3.54612
     -3.5459
    -3.54568
    -3.54546
    -3.54523
    -3.54501
    -3.54479
    -3.54457
    -3.36169
     -3.3614
    -3.36111
    -3.36082
    -3.36053
    -3.36024
    -3.35995
    -3.35966
    -3.35937
    -3.35908
    -3.15684
    -3.15647
    -3.15611
    -3.15574
    -3.15538
    -3.15501
    -3.15465
    -3.15428
    -3.15392
    -3.15355
    -2.92006
    -2.91962
    -2.91917
    -2.91872
    -2.91827
    -2.91783
    -2.91738
    -2.91693
    -2.91649
    -2.91604
    -2.71136
    -2.71082
    -2.71029
    -2.70975
    -2.70921
    -2.70867
    -2.70813
    -2.70759
    -2.70705
    -2.70651
    -2.36306
    -2.36243
    -2.36179
    -2.36115
    -2.36052
    -2.35988
    -2.35924
    -2.35861
    -2.35797
    -2.35734
    -2.14049
    -2.13976
    -2.13902
    -2.13828
    -2.13754
    -2.13681
    -2.13607
    -2.13533
     -2.1346
    -2.13386
    -1.93384
      -1.933
    -1.93216
    -1.93133
    -1.93049
    -1.92965
    -1.92881
    -1.92797
    -1.92714
     -1.9263
    -1.52962
    -1.52868
    -1.52773
    -1.52679
    -1.52584
     -1.5249
    -1.52395
    -1.52301
    -1.52207
    -1.52112
    -1.32502
    -1.32397
    -1.32291
    -1.32186
     -1.3208
    -1.31975
    -1.31869
    -1.31764
    -1.31659
    -1.31554
    -1.11052
    -1.10935
    -1.10818
    -1.10701
    -1.10584
    -1.10467
     -1.1035
    -1.10233
    -1.10116
        -1.1
   -0.892098
   -0.890805
   -0.889513
   -0.888222
   -0.886931
   -0.885641
   -0.884352
   -0.883064
   -0.881776
    -0.88049
    -0.87332
   -0.871905
    -0.87049
   -0.869077
   -0.867665
   -0.866253
   -0.864843
   -0.863433
   -0.862025
   -0.860618
   -0.654889
   -0.653353
   -0.651818
   -0.650284
   -0.648751
   -0.647219
   -0.645688
   -0.644159
   -0.642631
   -0.641104
   -0.312577
   -0.310922
   -0.309268
   -0.307614
   -0.305963
   -0.304312
   -0.302663
   -0.301016
    -0.29937
   -0.297726
  -0.0182359
   -0.016456
  -0.0146774
  -0.0129002
  -0.0111245
  -0.0093505
  -0.0075783
 -0.00580806
 -0.00403991
 -0.00227399
   -0.199216
   -0.197302
   -0.195389
   -0.193478
   -0.191569
   -0.189662
   -0.187756
   -0.185853
   -0.183953
   -0.182055
    0.130879
    0.132928
    0.134977
    0.137023
    0.139067
    0.141109
    0.143148
    0.145184
    0.147218
    0.149248
    0.545026
      0.5472
    0.549372
    0.551541
    0.553709
    0.555873
    0.558034
    0.560192
    0.562347
    0.564498
    0.591816
    0.594117
    0.596416
    0.598713
    0.601006
    0.603297
    0.605584
    0.607867
    0.610146
     0.61242
    0.574661
    0.577092
     0.57952
    0.581946
    0.584368
    0.586786
    0.589201
    0.591611
    0.594016
    0.596417
    0.753095
    0.755662
    0.758225
    0.760785
    0.763342
    0.765894
    0.768441
    0.770983
     0.77352
    0.776051
    0.981565
    0.984257
    0.986947
    0.989632
    0.992312
    0.994988
    0.997658
     1.00032
     1.00298
     1.00563
     1.01045
     1.01326
     1.01607
     1.01887
     1.02167
     1.02446
     1.02725
     1.03003
      1.0328
     1.03556
     1.23302
     1.23596
     1.23889
     1.24182
     1.24474
     1.24765
     1.25056
     1.25345
     1.25634
     1.25922
     1.26791
     1.27097
     1.27402
     1.27706
      1.2801
     1.28313
     1.28615
     1.28916
     1.29217
     1.29516
     1.29678
     1.29996
     1.30313
      1.3063
     1.30945
      1.3126
     1.31574
     1.31887
     1.32198
     1.32509
     1.39757
     1.40088
     1.40417
     1.40745
     1.41073
     1.41399
     1.41725
     1.42049
     1.42371
     1.42693
      1.6223
     1.62572
     1.62913
     1.63253
     1.63592
     1.63929
     1.64266
       1.646
     1.64934
     1.65265
     1.92316
     1.92668
     1.93019
     1.93369
     1.93718
     1.94065
      1.9441
     1.94754
     1.95096
     1.95436
     2.10226
     2.10588
     2.10949
     2.11308
     2.11666
     2.12022
     2.12377
     2.12729
     2.13079
     2.13427
     2.34536
     2.34908
     2.35278
     2.35646
     2.36013
     2.36377
      2.3674
       2.371
     2.37457
     2.37812
     2.38875
     2.39255
     2.39634
      2.4001
     2.40385
     2.40757
     2.41127
     2.41493
     2.41857
     2.42217
     2.34818
     2.35207
     2.35595
     2.35981
     2.36363
     2.36743
      2.3712
     2.37493
     2.37863
     2.38229
     2.57368
     2.57765
      2.5816
     2.58552
      2.5894
     2.59325
     2.59706
     2.60083
     2.60456
     2.60823
     2.75943
     2.76347
     2.76747
     2.77144
     2.77537
     2.77925
     2.78309
     2.78687
     2.79061
     2.79428
     2.79957
     2.80365
      2.8077
      2.8117
     2.81565
     2.81954
     2.82337
     2.82715
     2.83085
     2.83449
     2.87197
      2.8761
     2.88017
     2.88418
     2.88812
       2.892
      2.8958
     2.89952
     2.90316
     2.90671
     3.28073
     3.28487
     3.28893
     3.29291
      3.2968
      3.3006
     3.30431
     3.30791
     3.31141
     3.31482
     3.32233
     3.32645
     3.33047
     3.33438
     3.33817
     3.34184
     3.34538
      3.3488
     3.35209
     3.35525
     3.78508
     3.78911
     3.79298
      3.7967
     3.80025
     3.80364
     3.80686
     3.80994
     3.81286
     3.81563
     4.27031
     4.27402
      4.2775
     4.28075
     4.28378
     4.28661
     4.28925
     4.29172
     4.29402
     4.29618
     4.33084
     4.33353
     4.33592
     4.33806
     4.33998
     4.34172
     4.34328
      4.3447
       4.346
     4.34719
     4.39702
     4.39745
     4.39777
       4.398
     4.39817
     4.39828
     4.39835
     4.39838
     4.39838
     4.39835
     4.26001
     4.25786
     4.25589
     4.25409
     4.25242
     4.25087
     4.24941
     4.24803
     4.24673
     4.24548
     3.72563
     3.72211
     3.71881
     3.71572
     3.71282
     3.71008
      3.7075
     3.70506
     3.70274
     3.70053
      4.0672
     4.06325
     4.05944
     4.05579
     4.05229
     4.04894
     4.04573
     4.04265
      4.0397
     4.03686
      4.1138
     4.10972
     4.10575
     4.10188
     4.09813
     4.09449
     4.09096
     4.08754
     4.08423
     4.08103
     4.15503
     4.15093
      4.1469
     4.14295
     4.13908
      4.1353
      4.1316
     4.12799
     4.12448
     4.12105
     4.19552
     4.19144
     4.18741
     4.18343
     4.17952
     4.17567
     4.17189
     4.16817
     4.16453
     4.16097
     4.23554
     4.23149
     4.22748
     4.22351
     4.21959
     4.21572
     4.21191
     4.20814
     4.20444
     4.20079
     3.89936
     3.89538
     3.89143
     3.88751
     3.88362
     3.87978
     3.87597
     3.87221
      3.8685
     3.86483
     3.94267
     3.93876
     3.93488
     3.93102
     3.92719
      3.9234
     3.91963
      3.9159
     3.91221
     3.90856
     3.97387
     3.97004
     3.96623
     3.96245
     3.95868
     3.95495
     3.95123
     3.94755
      3.9439
     3.94028
       3.993
     3.98926
     3.98553
     3.98182
     3.97813
     3.97446
     3.97081
     3.96718
     3.96358
     3.96001
     4.03208
     4.02843
     4.02478
     4.02114
     4.01753
     4.01393
     4.01034
     4.00678
     4.00324
     3.99972
     4.07096
      4.0674
     4.06386
     4.06032
     4.05679
     4.05328
     4.04979
     4.04631
     4.04285
     4.03941
     3.95786
     3.95441
     3.95097
     3.94754
     3.94412
     3.94072
     3.93733
     3.93395
     3.93058
     3.92724
     3.91859
     3.91526
     3.91194
     3.90863
     3.90533
     3.90203
     3.89875
     3.89548
     3.89222
     3.88898
     3.94723
     3.94402
     3.94082
     3.93763
     3.93444
     3.93126
      3.9281
     3.92494
     3.92179
     3.91865
     3.97585
     3.97277
     3.96968
     3.96661
     3.96354
     3.96048
     3.95743
     3.95438
     3.95135
     3.94832
     4.00448
     4.00151
     3.99855
     3.99559
     3.99264
      3.9897
     3.98676
     3.98383
      3.9809
     3.97799
     4.09502
     4.09217
     4.08933
     4.08649
     4.08366
     4.08083
     4.07801
     4.07519
     4.07238
     4.06958
     4.06162
      4.0589
     4.05618
     4.05347
     4.05077
     4.04806
     4.04536
     4.04267
     4.03998
      4.0373
     3.76656
     3.76397
     3.76139
      3.7588
     3.75623
     3.75365
     3.75108
     3.74851
     3.74595
     3.74339
     3.73917
     3.73671
     3.73426
      3.7318
     3.72935
      3.7269
     3.72446
     3.72202
     3.71958
     3.71715
     4.14719
     4.14485
     4.14252
     4.14019
     4.13786
     4.13554
     4.13322
      4.1309
     4.12858
     4.12627
     4.06394
     4.06173
     4.05953
     4.05732
     4.05512
     4.05292
     4.05072
     4.04853
     4.04634
     4.04415
     3.87483
     3.87275
     3.87068
     3.86861
     3.86654
     3.86447
     3.86241
     3.86035
     3.85829
     3.85623
     3.99728
     3.99533
     3.99338
     3.99144
      3.9895
     3.98755
     3.98562
     3.98368
     3.98174
     3.97981
     4.31137
     4.30955
     4.30773
     4.30591
      4.3041
     4.30229
     4.30047
     4.29866
     4.29685
     4.29505
        4.33
     4.32831
     4.32662
     4.32492
     4.32323
     4.32154
     4.31985
     4.31816
     4.31648
     4.31479
     4.34859
     4.34703
     4.34546
      4.3439
     4.34233
     4.34077
     4.33921
     4.33765
     4.33609
     4.33453
     4.36724
      4.3658
     4.36436
     4.36292
     4.36148
     4.36004
      4.3586
     4.35716
     4.35573
     4.35429
     4.38591
     4.38459
     4.38327
     4.38195
     4.38063
     4.37931
     4.37799
     4.37667
     4.37536
     4.37404
     4.40461
     4.40341
      4.4022
       4.401
      4.3998
      4.3986
     4.39739
     4.39619
     4.39499
     4.39379
     4.62298
     4.62189
      4.6208
     4.61972
     4.61863
     4.61754
     4.61646
     4.61537
     4.61428
      4.6132
     4.76957
     4.76859
     4.76762
     4.76664
     4.76566
     4.76469
     4.76371
     4.76274
     4.76176
     4.76079
     4.83037
      4.8295
     4.82863
     4.82777
      4.8269
     4.82603
     4.82516
      4.8243
     4.82343
     4.82256
     5.03887
      5.0381
     5.03734
     5.03658
     5.03581
     5.03505
     5.03429
     5.03353
     5.03276
       5.032
     4.84818
     4.84752
     4.84685
     4.84619
     4.84553
     4.84487
     4.84421
     4.84355
     4.84289
     4.84223
     4.91703
     4.91647
      4.9159
     4.91534
     4.91477
     4.91421
     4.91364
     4.91308
     4.91251
     4.91195
     5.11773
     5.11726
     5.11678
     5.11631
     5.11583
     5.11536
     5.11489
     5.11441
     5.11394
     5.11346
     5.27455
     5.27417
     5.27378
     5.27339
       5.273
     5.27261
     5.27222
     5.27183
     5.27145
     5.27106
     5.28372
     5.28341
      5.2831
     5.28279
     5.28248
     5.28217
     5.28186
     5.28155
     5.28124
     5.28093
       5.293
     5.29276
     5.29252
     5.29228
     5.29204
      5.2918
     5.29157
     5.29133
     5.29109
     5.29085
     5.42818
       5.428
     5.42782
     5.42765
     5.42747
     5.42729
     5.42711
     5.42693
     5.42676
     5.42658
     5.99057
     5.99044
     5.99032
     5.99019
     5.99007
     5.98994
     5.98982
     5.98969
     5.98957
     5.98945
     6.21779
     6.21771
     6.21763
     6.21755
     6.21747
     6.21739
     6.21731
     6.21723
     6.21715
     6.21707
     6.72822
     6.72817
     6.72812
     6.72807
     6.72802
     6.72796
     6.72791
     6.72786
     6.72781
     6.72776
     5.51006
     5.51003
        5.51
     5.50997
     5.50994
     5.50992
     5.50989
     5.50986
     5.50983
      5.5098
     2.71528
     2.71526
     2.71525
     2.71524
     2.71522
     2.71521
      2.7152
     2.71518
     2.71517
     2.71516
    0.515513
    0.515504
    0.515495
    0.515486
    0.515477
    0.515468
    0.515459
     0.51545
    0.515441
    0.515432
 0.000233289
 0.000224814
  0.00021634
 0.000207865
 0.000199391
 0.000190916
 0.000182442
 0.000173968
 0.000165493
 0.000157019
-6.62273E-05
-7.55307E-05
-8.48341E-05
-9.41374E-05
-0.000103441
-0.000112744
-0.000122047
-0.000131349
-0.000140652
-0.000149955
-0.000500266
-0.000512766
-0.000525265
-0.000537765
-0.000550264
-0.000562762
-0.000575261
-0.000587759
-0.000600257
-0.000612754
     2.02133
     2.02133
     2.02134
     2.02134
     2.02134
     2.02135
     2.02135
     2.02136
     2.02136
     2.02136
     2.06624
     2.06625
     2.06625
     2.06626
     2.06626
     2.06627
     2.06627
     2.06628
     2.06628
     2.06629
     1.91957
     1.91957
     1.91958
     1.91958
     1.91959
     1.91959
      1.9196
      1.9196
      1.9196
     1.91961
      1.9726
      1.9726
     1.97261
     1.97261
     1.97261
     1.97262
     1.97262
     1.97262
     1.97263
     1.97263
     2.02502
     2.02502
     2.02502
     2.02503
     2.02503
     2.02503
     2.02503
     2.02503
     2.02503
     2.02503
     1.87813
     1.87813
     1.87813
     1.87813
     1.87813
     1.87813
     1.87812
     1.87812
     1.87811
     1.87811
     1.75458
     1.75458
     1.75457
     1.75456
     1.75456
     1.75455
     1.75454
     1.75453
     1.75451
      1.7545
     1.98013
     1.98013
     1.98012
     1.98011
     1.98009
     1.98008
     1.98006
     1.98005
     1.98003
     1.98001
     2.11791
      2.1179
     2.11788
     2.11787
     2.11785
     2.11783
     2.11781
     2.11778
     2.11775
     2.11772
     1.95532
      1.9553
     1.95528
     1.95525
     1.95522
     1.95519
     1.95516
     1.95512
     1.95508
     1.95504
     1.79201
     1.79198
     1.79195
     1.79191
     1.79187
     1.79182
     1.79177
     1.79172
     1.79166
      1.7916
     1.82626
     1.82622
     1.82618
     1.82613
     1.82608
     1.82602
     1.82596
     1.82589
     1.82582
     1.82575
     1.85992
     1.85987
     1.85981
     1.85975
     1.85968
     1.85961
     1.85953
     1.85945
     1.85936
     1.85927
     1.94449
     1.94443
     1.94436
     1.94429
     1.94421
     1.94412
     1.94403
     1.94393
     1.94383
     1.94372
     1.98082
     1.98075
     1.98067
     1.98059
     1.98049
     1.98039
     1.98028
     1.98017
     1.98005
     1.97991
      2.0168
     2.01672
     2.01663
     2.01653
     2.01643
     2.01631
     2.01618
     2.01605
      2.0159
     2.01575
     2.05221
     2.05212
     2.05202
      2.0519
     2.05178
     2.05164
      2.0515
     2.05134
     2.05118
       2.051
     1.95562
     1.95551
     1.95539
     1.95526
     1.95511
     1.95496
     1.95479
     1.95461
     1.95442
     1.95421
     1.92201
     1.92188
     1.92174
     1.92159
     1.92142
     1.92124
     1.92105
     1.92084
     1.92061
     1.92038
     2.15407
     2.15393
     2.15378
     2.15361
     2.15343
     2.15323
     2.15301
     2.15278
     2.15254
     2.15227
     2.18667
     2.18653
     2.18637
     2.18618
     2.18598
     2.18577
     2.18553
     2.18528
       2.185
     2.18471
     2.02058
     2.02042
     2.02023
     2.02002
      2.0198
     2.01955
     2.01928
     2.01899
     2.01868
     2.01834
     1.74248
     1.74228
     1.74206
     1.74182
     1.74155
     1.74126
     1.74095
     1.74061
     1.74025
     1.73987
      1.7634
     1.76318
     1.76294
     1.76267
     1.76237
     1.76205
     1.76171
     1.76133
     1.76094
     1.76051
     2.07374
     2.07352
     2.07327
     2.07299
     2.07268
     2.07234
     2.07198
     2.07158
     2.07115
      2.0707
     2.04353
      2.0433
     2.04303
     2.04273
      2.0424
     2.04204
     2.04164
     2.04121
     2.04075
     2.04025
     1.81055
     1.81029
     1.80998
     1.80964
     1.80926
     1.80885
      1.8084
     1.80791
     1.80739
     1.80683
     1.73352
     1.73323
     1.73289
     1.73251
     1.73209
     1.73164
     1.73114
      1.7306
     1.73002
     1.72941
     1.75107
     1.75075
     1.75039
     1.74998
     1.74953
     1.74903
     1.74849
     1.74791
     1.74728
     1.74661
     1.76833
     1.76799
      1.7676
     1.76716
     1.76667
     1.76613
     1.76555
     1.76491
     1.76423
      1.7635
     1.78517
      1.7848
     1.78438
      1.7839
     1.78337
     1.78279
     1.78215
     1.78145
     1.78071
     1.77991
       1.726
      1.7256
     1.72514
     1.72462
     1.72403
     1.72339
     1.72269
     1.72193
     1.72112
     1.72024
     1.54687
     1.54643
     1.54592
     1.54535
     1.54471
       1.544
     1.54323
      1.5424
      1.5415
     1.54053
     1.36717
     1.36668
     1.36611
     1.36547
     1.36476
     1.36398
     1.36313
      1.3622
     1.36121
     1.36015
     1.38554
     1.38501
      1.3844
     1.38371
     1.38293
     1.38208
     1.38115
     1.38014
     1.37906
      1.3779
     1.40371
     1.40313
     1.40247
     1.40171
     1.40086
     1.39993
     1.39891
      1.3978
     1.39661
     1.39534
     1.42083
     1.42021
     1.41949
     1.41867
     1.41775
     1.41674
     1.41563
     1.41442
     1.41313
     1.41174
     1.29034
     1.28966
     1.28887
     1.28798
     1.28697
     1.28585
     1.28463
     1.28331
     1.28188
     1.28036
      1.1244
     1.12364
     1.12276
     1.12175
     1.12062
     1.11938
     1.11801
     1.11654
     1.11495
     1.11325
     1.12738
     1.12653
     1.12555
     1.12442
     1.12317
     1.12177
     1.12026
     1.11861
     1.11685
     1.11497
     1.12964
     1.12871
     1.12762
     1.12637
     1.12497
     1.12342
     1.12173
      1.1199
     1.11793
     1.11584
     1.13242
     1.13137
     1.13014
     1.12872
     1.12714
     1.12539
     1.12347
     1.12141
      1.1192
     1.11686
    0.904218
    0.903002
    0.901574
    0.899942
    0.898114
    0.896102
    0.893915
    0.891564
    0.889059
    0.886411
    0.740914
    0.739477
    0.737794
    0.735877
    0.733742
    0.731403
    0.728875
    0.726175
    0.723315
     0.72031
     1.10467
     1.10302
     1.10106
     1.09882
     1.09633
     1.09361
     1.09068
     1.08758
     1.08432
     1.08091
    0.533568
    0.531411
    0.528911
    0.526113
    0.523056
    0.519778
    0.516312
    0.512685
    0.508921
     0.50504
    0.104658
    0.101673
   0.0983542
   0.0947728
   0.0909847
   0.0870328
   0.0829506
    0.078764
   0.0744932
   0.0701538
    0.106382
     0.10229
   0.0980292
   0.0936526
   0.0891938
    0.084676
    0.080115
    0.075522
   0.0709048
   0.0662691
    0.106166
    0.101948
   0.0976127
   0.0931998
   0.0887342
    0.084231
      0.0797
    0.075148
   0.0705797
   0.0659985
   0.0991286
   0.0960513
   0.0926939
   0.0891235
   0.0853881
   0.0815231
   0.0775547
   0.0735027
   0.0693824
   0.0652056
   -0.496826
   -0.498901
   -0.501302
   -0.503977
   -0.506885
   -0.509989
   -0.513259
    -0.51667
   -0.520202
   -0.523837
   -0.409512
   -0.411001
   -0.412787
   -0.414838
   -0.417126
   -0.419625
   -0.422311
   -0.425162
    -0.42816
   -0.431287
   -0.284115
   -0.285241
   -0.286621
   -0.288237
    -0.29007
   -0.292103
    -0.29432
   -0.296704
    -0.29924
   -0.301915
   -0.614942
    -0.61588
   -0.617028
   -0.618374
   -0.619909
    -0.62162
   -0.623497
   -0.625529
   -0.627705
   -0.630016
   -0.618538
    -0.61929
   -0.620223
    -0.62133
   -0.622605
   -0.624038
   -0.625624
   -0.627353
   -0.629218
   -0.631212
   -0.821093
   -0.821715
   -0.822494
   -0.823426
   -0.824505
   -0.825725
   -0.827083
   -0.828571
   -0.830184
   -0.831917
    -0.99922
   -0.999752
    -1.00042
    -1.00122
    -1.00215
    -1.00321
    -1.00439
    -1.00569
     -1.0071
    -1.00862
    -1.02528
    -1.02574
    -1.02633
    -1.02703
    -1.02785
    -1.02878
    -1.02982
    -1.03096
    -1.03221
    -1.03356
     -1.0281
    -1.02849
    -1.02899
    -1.02959
     -1.0303
    -1.03111
    -1.03201
    -1.03302
    -1.03411
     -1.0353
    -1.05757
    -1.05789
     -1.0583
    -1.05881
    -1.05941
     -1.0601
    -1.06089
    -1.06176
    -1.06271
    -1.06375
    -1.27392
     -1.2742
    -1.27456
    -1.27501
    -1.27555
    -1.27616
    -1.27686
    -1.27764
    -1.27849
    -1.27942
    -1.49062
    -1.49088
    -1.49121
    -1.49162
     -1.4921
    -1.49266
    -1.49328
    -1.49398
    -1.49475
    -1.49559
    -1.50913
    -1.50935
    -1.50964
       -1.51
    -1.51042
    -1.51091
    -1.51147
    -1.51208
    -1.51277
    -1.51351
    -1.67552
    -1.67572
    -1.67598
     -1.6763
    -1.67668
    -1.67712
    -1.67761
    -1.67817
    -1.67879
    -1.67946
    -1.69145
    -1.69161
    -1.69183
    -1.69211
    -1.69244
    -1.69282
    -1.69326
    -1.69375
    -1.69429
    -1.69488
    -1.70761
    -1.70775
    -1.70793
    -1.70817
    -1.70846
    -1.70879
    -1.70917
     -1.7096
    -1.71008
     -1.7106
    -1.72408
    -1.72419
    -1.72435
    -1.72455
     -1.7248
    -1.72509
    -1.72542
     -1.7258
    -1.72621
    -1.72668
    -1.87253
    -1.87263
    -1.87276
    -1.87294
    -1.87316
    -1.87341
     -1.8737
    -1.87404
    -1.87441
    -1.87482
    -1.95769
    -1.95778
    -1.95789
    -1.95805
    -1.95824
    -1.95846
    -1.95872
    -1.95902
    -1.95935
    -1.95971
     -1.9756
    -1.97567
    -1.97577
    -1.97591
    -1.97608
    -1.97627
     -1.9765
    -1.97676
    -1.97706
    -1.97738
    -2.09424
     -2.0943
    -2.09438
    -2.09449
    -2.09463
     -2.0948
    -2.09499
    -2.09522
    -2.09547
    -2.09575
    -2.01463
    -2.01466
    -2.01471
    -2.01479
     -2.0149
    -2.01503
    -2.01519
    -2.01537
    -2.01557
     -2.0158
    -2.34464
    -2.34467
    -2.34473
     -2.3448
     -2.3449
    -2.34502
    -2.34516
    -2.34533
    -2.34551
    -2.34572
     -2.6513
    -2.65133
    -2.65139
    -2.65146
    -2.65155
    -2.65166
    -2.65179
    -2.65194
    -2.65211
     -2.6523
     -2.6131
    -2.61312
    -2.61315
    -2.61321
    -2.61328
    -2.61336
    -2.61347
    -2.61359
    -2.61372
    -2.61388
    -2.64554
    -2.64554
    -2.64555
    -2.64558
    -2.64563
    -2.64569
    -2.64577
    -2.64586
    -2.64596
    -2.64609
    -2.71795
    -2.71794
    -2.71794
    -2.71796
    -2.71799
    -2.71804
    -2.71809
    -2.71816
    -2.71824
    -2.71834
     -2.9101
    -2.91009
    -2.91009
     -2.9101
    -2.91013
    -2.91016
     -2.9102
    -2.91026
    -2.91033
    -2.91041
    -3.14255
    -3.14253
    -3.14253
    -3.14253
    -3.14255
    -3.14257
    -3.14261
    -3.14265
     -3.1427
    -3.14277
    -3.17692
    -3.17689
    -3.17688
    -3.17687
    -3.17687
    -3.17688
     -3.1769
    -3.17693
    -3.17696
    -3.17701
    -3.21188
    -3.21185
    -3.21182
    -3.21181
     -3.2118
     -3.2118
     -3.2118
    -3.21181
    -3.21183
    -3.21185
    -3.32303
    -3.32299
    -3.32296
    -3.32294
    -3.32292
     -3.3229
     -3.3229
     -3.3229
     -3.3229
    -3.32291
      -3.554
    -3.55396
    -3.55393
     -3.5539
    -3.55388
    -3.55386
    -3.55384
    -3.55383
    -3.55383
    -3.55383
    -3.78562
    -3.78558
    -3.78555
    -3.78552
    -3.78549
    -3.78546
    -3.78544
    -3.78542
    -3.78541
     -3.7854
    -3.99395
    -3.99391
    -3.99388
    -3.99384
    -3.99381
    -3.99378
    -3.99375
    -3.99373
    -3.99371
     -3.9937
    -4.04207
    -4.04203
    -4.04199
    -4.04195
    -4.04191
    -4.04188
    -4.04185
    -4.04182
    -4.04179
    -4.04177
    -4.28578
    -4.28573
    -4.28569
    -4.28565
    -4.28561
    -4.28558
    -4.28554
    -4.28551
    -4.28548
    -4.28545
    -4.46883
    -4.46879
    -4.46874
     -4.4687
    -4.46866
    -4.46862
    -4.46858
    -4.46854
    -4.46851
    -4.46847
    -4.55703
    -4.55699
    -4.55694
     -4.5569
    -4.55685
    -4.55681
    -4.55677
    -4.55673
    -4.55669
    -4.55665
    -4.63967
    -4.63962
    -4.63958
    -4.63953
    -4.63949
    -4.63945
    -4.63941
    -4.63937
    -4.63932
    -4.63928
    -4.88975
     -4.8897
    -4.88966
    -4.88962
    -4.88958
    -4.88954
    -4.88949
    -4.88945
    -4.88941
    -4.88937
    -4.94237
    -4.94233
    -4.94229
    -4.94225
    -4.94221
    -4.94216
    -4.94212
    -4.94208
    -4.94204
      -4.942
    -5.19472
    -5.19469
    -5.19465
    -5.19461
    -5.19457
    -5.19453
    -5.19449
    -5.19445
    -5.19441
    -5.19437
    -5.24824
     -5.2482
    -5.24817
    -5.24813
    -5.24809
    -5.24806
    -5.24802
    -5.24799
    -5.24795
    -5.24792
    -5.52237
    -5.52235
    -5.52232
    -5.52229
    -5.52226
    -5.52223
    -5.52221
    -5.52218
    -5.52215
    -5.52212
    -5.76577
    -5.76575
    -5.76573
    -5.76571
     -5.7657
    -5.76568
    -5.76566
    -5.76564
    -5.76563
    -5.76561
    -6.40328
    -6.40328
    -6.40327
    -6.40326
    -6.40326
    -6.40325
    -6.40324
    -6.40324
    -6.40323
    -6.40322
    -6.79765
    -6.79765
    -6.79765
    -6.79765
    -6.79764
    -6.79764
    -6.79764
    -6.79764
    -6.79764
    -6.79764
    -6.84816
    -6.84816
    -6.84815
    -6.84815
    -6.84815
    -6.84815
    -6.84815
    -6.84815
    -6.84814
    -6.84814
    -7.33255
    -7.33254
    -7.33254
    -7.33253
    -7.33253
    -7.33252
    -7.33252
    -7.33251
     -7.3325
     -7.3325
    -9.13185
    -9.13184
    -9.13183
    -9.13182
     -9.1318
    -9.13179
    -9.13178
    -9.13177
    -9.13175
    -9.13174
    -12.5313
    -12.5313
    -12.5313
    -12.5313
    -12.5313
    -12.5312
    -12.5312
    -12.5312
    -12.5312
    -12.5312
    -17.1987
    -17.1987
    -17.1987
    -17.1987
    -17.1987
    -17.1986
    -17.1986
    -17.1986
    -17.1986
    -17.1986
    -22.5037
    -22.5037
    -22.5037
    -22.5036
    -22.5036
    -22.5036
    -22.5036
    -22.5035
    -22.5035
    -22.5035
    -27.4658
    -27.4658
    -27.4657
    -27.4657
    -27.4657
    -27.4656
    -27.4656
    -27.4656
    -27.4655
    -27.4655
    -32.1866
    -32.1865
    -32.1865
    -32.1864
    -32.1864
    -32.1864
    -32.1863
    -32.1863
    -32.1862
    -32.1862
    -36.7318
    -36.7317
    -36.7317
    -36.7317
    -36.7316
    -36.7316
    -36.7315
    -36.7315
    -36.7314
    -36.7313
    -41.2572
    -41.2571
    -41.2571
     -41.257
     -41.257
    -41.2569
    -41.2568
    -41.2568
    -41.2567
    -41.2566
    -45.7508
    -45.7507
    -45.7507
    -45.7506
    -45.7505
    -45.7504
    -45.7504
    -45.7503
    -45.7502
    -45.7501
    -50.2724
    -50.2724
    -50.2723
    -50.2722
    -50.2721
    -50.2721
     -50.272
    -50.2719
    -50.2718
    -50.2717
    -54.5348
    -54.5348
    -54.5347
    -54.5346
    -54.5345
    -54.5344
    -54.5343
    -54.5342
    -54.5341
     -54.534
    -58.6717
    -58.6716
    -58.6715
    -58.6714
    -58.6713
    -58.6712
    -58.6711
     -58.671
    -58.6708
    -58.6707
    -62.4894
    -62.4893
    -62.4892
    -62.4891
     -62.489
    -62.4889
    -62.4887
    -62.4886
    -62.4884
    -62.4883
     -66.417
    -66.4169
    -66.4168
    -66.4167
    -66.4165
    -66.4164
    -66.4162
    -66.4161
    -66.4159
    -66.4157
    -70.1454
    -70.1453
    -70.1451
     -70.145
    -70.1448
    -70.1447
    -70.1445
    -70.1443
    -70.1441
    -70.1439
    -73.8839
    -73.8837
    -73.8836
    -73.8834
    -73.8833
    -73.8831
    -73.8829
    -73.8827
    -73.8825
    -73.8823
    -77.6265
    -77.6264
    -77.6262
     -77.626
    -77.6258
    -77.6257
    -77.6254
    -77.6252
     -77.625
    -77.6247
    -81.1699
    -81.1697
    -81.1696
    -81.1694
    -81.1692
    -81.1689
    -81.1687
    -81.1684
    -81.1682
    -81.1679
    -84.5138
    -84.5136
    -84.5134
    -84.5132
     -84.513
    -84.5127
    -84.5125
    -84.5122
    -84.5119
    -84.5115
    -87.7341
    -87.7339
    -87.7337
    -87.7335
    -87.7332
     -87.733
    -87.7327
    -87.7323
     -87.732
    -87.7316
    -91.0026
    -91.0024
    -91.0022
     -91.002
    -91.0017
    -91.0014
    -91.0011
    -91.0007
    -91.0004
         -91
    -94.3475
    -94.3473
     -94.347
    -94.3467
    -94.3464
    -94.3461
    -94.3457
    -94.3454
    -94.3449
    -94.3445
    -97.5803
    -97.5801
    -97.5798
    -97.5795
    -97.5792
    -97.5788
    -97.5784
     -97.578
    -97.5775
     -97.577
     -100.33
     -100.33
     -100.33
     -100.33
    -100.329
    -100.329
    -100.328
    -100.328
    -100.327
    -100.327
    -103.321
     -103.32
     -103.32
     -103.32
    -103.319
    -103.319
    -103.318
    -103.318
    -103.317
    -103.317
    -106.231
    -106.231
    -106.231
     -106.23
     -106.23
    -106.229
    -106.229
    -106.228
    -106.228
    -106.227
    -109.146
    -109.146
    -109.145
    -109.145
    -109.145
    -109.144
    -109.144
    -109.143
    -109.142
    -109.142
    -111.712
    -111.711
    -111.711
     -111.71
     -111.71
    -111.709
    -111.709
    -111.708
    -111.707
    -111.707
    -114.078
    -114.078
    -114.077
    -114.077
    -114.076
    -114.076
    -114.075
    -114.074
    -114.073
    -114.072
    -116.638
    -116.638
    -116.637
    -116.637
    -116.636
    -116.636
    -116.635
    -116.634
    -116.633
    -116.632
    -119.011
    -119.011
     -119.01
     -119.01
    -119.009
    -119.008
    -119.007
    -119.006
    -119.006
    -119.004
    -121.378
    -121.378
    -121.377
    -121.377
    -121.376
    -121.375
    -121.374
    -121.373
    -121.372
    -121.371
    -123.674
    -123.673
    -123.673
    -123.672
    -123.671
     -123.67
    -123.669
    -123.668
    -123.667
    -123.666
    -125.845
    -125.845
    -125.844
    -125.844
    -125.843
    -125.842
    -125.841
    -125.839
    -125.838
    -125.837
    -127.694
    -127.693
    -127.693
    -127.692
    -127.691
     -127.69
    -127.689
    -127.687
    -127.686
    -127.685
    -129.541
     -129.54
     -129.54
    -129.539
    -129.538
    -129.537
    -129.535
    -129.534
    -129.532
    -129.531
    -131.324
    -131.324
    -131.323
    -131.322
    -131.321
    -131.319
    -131.318
    -131.316
    -131.315
    -131.313
    -132.909
    -132.908
    -132.907
    -132.906
    -132.905
    -132.903
    -132.902
      -132.9
    -132.898
    -132.896
    -134.713
    -134.712
    -134.711
     -134.71
    -134.709
    -134.707
    -134.705
    -134.703
    -134.701
    -134.699
    -136.088
    -136.087
    -136.086
    -136.085
    -136.083
    -136.081
    -136.079
    -136.077
    -136.075
    -136.072
    -137.424
    -137.423
    -137.421
     -137.42
    -137.418
    -137.416
    -137.414
    -137.411
    -137.409
    -137.406
    -138.614
    -138.613
    -138.611
     -138.61
    -138.608
    -138.605
    -138.603
      -138.6
    -138.597
    -138.594
    -139.773
    -139.772
     -139.77
    -139.768
    -139.765
    -139.763
     -139.76
    -139.757
    -139.753
     -139.75
    -140.597
    -140.595
    -140.593
    -140.591
    -140.588
    -140.585
    -140.581
    -140.578
    -140.574
     -140.57
    -141.789
    -141.787
    -141.784
    -141.782
    -141.778
    -141.775
    -141.771
    -141.767
    -141.762
    -141.758
    -142.563
     -142.56
    -142.557
    -142.554
     -142.55
    -142.545
    -142.541
    -142.536
    -142.531
    -142.526
    -143.006
    -143.002
    -142.998
    -142.993
    -142.989
    -142.983
    -142.978
    -142.972
    -142.966
     -142.96
    -143.019
    -143.014
    -143.008
    -143.002
    -142.996
     -142.99
    -142.983
    -142.977
     -142.97
    -142.964
    -143.027
     -143.02
    -143.014
    -143.007
        -143
    -142.993
    -142.986
    -142.979
    -142.972
    -142.965
    -142.818
    -142.812
    -142.806
      -142.8
    -142.793
    -142.787
     -142.78
    -142.773
    -142.767
     -142.76
    -142.209
    -142.205
      -142.2
    -142.195
     -142.19
    -142.184
    -142.179
    -142.173
    -142.167
    -142.161
    -141.511
    -141.508
    -141.504
      -141.5
    -141.495
    -141.491
    -141.486
    -141.481
    -141.475
     -141.47
    -140.322
    -140.319
    -140.316
    -140.313
    -140.309
    -140.305
    -140.301
    -140.296
    -140.292
    -140.287
    -139.129
    -139.127
    -139.124
    -139.121
    -139.118
    -139.115
    -139.111
    -139.107
    -139.103
    -139.099
    -137.937
    -137.935
    -137.933
    -137.931
    -137.928
    -137.925
    -137.922
    -137.919
    -137.915
    -137.911
    -136.746
    -136.745
    -136.743
    -136.741
    -136.738
    -136.736
    -136.733
     -136.73
    -136.727
    -136.724
     -135.18
    -135.179
    -135.177
    -135.175
    -135.173
    -135.171
    -135.168
    -135.166
    -135.163
     -135.16
    -133.595
    -133.593
    -133.592
     -133.59
    -133.588
    -133.586
    -133.584
    -133.582
    -133.579
    -133.577
    -132.022
    -132.021
    -132.019
    -132.018
    -132.016
    -132.014
    -132.012
     -132.01
    -132.008
    -132.005
    -130.389
    -130.388
    -130.387
    -130.386
    -130.384
    -130.383
    -130.381
    -130.379
    -130.377
    -130.375
    -128.801
      -128.8
    -128.799
    -128.798
    -128.797
    -128.795
    -128.793
    -128.792
     -128.79
    -128.788
    -126.814
    -126.813
    -126.812
    -126.811
     -126.81
    -126.808
    -126.807
    -126.805
    -126.804
    -126.802
    -124.675
    -124.674
    -124.673
    -124.672
    -124.671
     -124.67
    -124.669
    -124.667
    -124.666
    -124.664
    -122.375
    -122.374
    -122.373
    -122.373
    -122.371
     -122.37
    -122.369
    -122.368
    -122.366
    -122.365
    -120.008
    -120.007
    -120.006
    -120.005
    -120.004
    -120.003
    -120.002
    -120.001
        -120
    -119.998
     -117.64
     -117.64
    -117.639
    -117.638
    -117.637
    -117.636
    -117.635
    -117.634
    -117.633
    -117.632
    -115.273
    -115.273
    -115.272
    -115.271
    -115.271
     -115.27
    -115.269
    -115.268
    -115.267
    -115.265
    -112.845
    -112.844
    -112.844
    -112.843
    -112.842
    -112.841
     -112.84
    -112.839
    -112.839
    -112.837
    -110.141
     -110.14
     -110.14
    -110.139
    -110.138
    -110.138
    -110.137
    -110.136
    -110.135
    -110.134
    -107.451
     -107.45
     -107.45
    -107.449
    -107.449
    -107.448
    -107.447
    -107.446
    -107.446
    -107.445
     -104.59
    -104.589
    -104.589
    -104.588
    -104.588
    -104.587
    -104.586
    -104.586
    -104.585
    -104.584
    -101.845
    -101.845
    -101.844
    -101.844
    -101.843
    -101.843
    -101.842
    -101.841
    -101.841
     -101.84
    -98.9686
    -98.9682
    -98.9678
    -98.9673
    -98.9668
    -98.9663
    -98.9657
    -98.9651
    -98.9645
    -98.9638
    -95.6311
    -95.6307
    -95.6303
    -95.6299
    -95.6294
    -95.6289
    -95.6284
    -95.6278
    -95.6273
    -95.6266
    -92.5894
     -92.589
    -92.5886
    -92.5882
    -92.5878
    -92.5874
    -92.5869
    -92.5864
    -92.5858
    -92.5853
    -89.3407
    -89.3403
      -89.34
    -89.3396
    -89.3392
    -89.3388
    -89.3384
    -89.3379
    -89.3374
    -89.3369
    -86.1958
    -86.1955
    -86.1952
    -86.1948
    -86.1945
    -86.1941
    -86.1937
    -86.1933
    -86.1928
    -86.1924
    -82.6519
    -82.6516
    -82.6513
     -82.651
    -82.6507
    -82.6503
      -82.65
    -82.6496
    -82.6492
    -82.6488
    -79.1082
    -79.1079
    -79.1076
    -79.1074
    -79.1071
    -79.1067
    -79.1064
    -79.1061
    -79.1057
    -79.1053
    -75.5647
    -75.5645
    -75.5642
     -75.564
    -75.5637
    -75.5634
    -75.5631
    -75.5628
    -75.5625
    -75.5622
    -72.0215
    -72.0212
     -72.021
    -72.0208
    -72.0206
    -72.0203
      -72.02
    -72.0198
    -72.0195
    -72.0192
     -68.279
    -68.2788
    -68.2786
    -68.2784
    -68.2782
    -68.2779
    -68.2777
    -68.2774
    -68.2772
    -68.2769
    -64.4648
    -64.4646
    -64.4644
    -64.4642
     -64.464
    -64.4638
    -64.4636
    -64.4634
    -64.4632
    -64.4629
    -60.4891
    -60.4889
    -60.4888
    -60.4886
    -60.4884
    -60.4883
    -60.4881
    -60.4879
    -60.4877
    -60.4875
     -56.366
    -56.3658
    -56.3657
    -56.3655
    -56.3654
    -56.3652
    -56.3651
    -56.3649
    -56.3647
    -56.3645
    -52.2428
    -52.2427
    -52.2426
    -52.2425
    -52.2423
    -52.2422
    -52.2421
    -52.2419
    -52.2418
    -52.2416
    -47.9723
    -47.9722
    -47.9721
     -47.972
    -47.9719
    -47.9718
    -47.9717
    -47.9715
    -47.9714
    -47.9713
    -43.4506
    -43.4505
    -43.4505
    -43.4504
    -43.4503
    -43.4502
    -43.4501
      -43.45
    -43.4498
    -43.4497
    -38.8772
    -38.8771
     -38.877
    -38.8769
    -38.8769
    -38.8768
    -38.8767
    -38.8766
    -38.8765
    -38.8764
    -34.1561
    -34.1561
     -34.156
    -34.1559
    -34.1559
    -34.1558
    -34.1557
    -34.1557
    -34.1556
    -34.1555
    -29.4352
    -29.4351
    -29.4351
     -29.435
     -29.435
    -29.4349
    -29.4349
    -29.4348
    -29.4348
    -29.4347
    -24.5886
    -24.5885
    -24.5885
    -24.5885
    -24.5884
    -24.5884
    -24.5883
    -24.5883
    -24.5883
    -24.5882
    -19.2513
    -19.2512
    -19.2512
    -19.2512
    -19.2511
    -19.2511
    -19.2511
     -19.251
     -19.251
     -19.251
    -13.5787
    -13.5787
    -13.5787
    -13.5787
    -13.5786
    -13.5786
    -13.5786
    -13.5786
    -13.5786
    -13.5785
    -8.35748
    -8.35747
    -8.35746
    -8.35745
    -8.35744
    -8.35743
    -8.35741
     -8.3574
    -8.35739
    -8.35738
    -4.02679
    -4.02678
    -4.02678
    -4.02678
    -4.02677
    -4.02677
    -4.02676
    -4.02676
    -4.02676
    -4.02675
   -0.922133
   -0.922133
   -0.922133
   -0.922133
   -0.922133
   -0.922133
   -0.922134
   -0.922134
   -0.922134
   -0.922134
     1.32756
     1.32756
     1.32756
     1.32756
     1.32756
     1.32756
     1.32756
     1.32756
     1.32756
     1.32756
     1.89264
     1.89264
     1.89264
     1.89264
     1.89264
     1.89264
     1.89264
     1.89264
     1.89264
     1.89264
     1.94253
     1.94253
     1.94253
     1.94253
     1.94253
     1.94253
     1.94253
     1.94253
     1.94253
     1.94253
     1.99202
     1.99202
     1.99202
     1.99202
     1.99202
     1.99202
     1.99201
     1.99201
     1.99201
     1.99201
